 0.2
1 0.4
10 0.1
100 0.25
101 0.5
105 0.45
108 0.6
11 0.6
112 0.65
113 0.2
1135 0.25
114 0.3
12 0.35
122 0.5
123 0.6
124 0.4
1299 0.7
1301 0.1
1302 0.55
1304 0.55
1306 0.08
1307 0.1
1309 0.8
131 0.25
1314 0.6
1315 0.7
1316 0.5
1319 0.85
1322 0.5
1324 0.4
135 0.25
14 0.3
15 0.6
16 0.4
17 0.25
18 0.3
19 0.15
20 0.2
21 0.3
22 0.3
23 0.35
24 0.46
25 0.2
26 0.35
27 0.3
29 0.25
299 0.8
300 0.15
301 0.6
302 0.6
303 0.6
304 0.6
306 0.35
307 0.5
308 0.5
309 0.5
310 0.25
311 0.35
312 0.15
313 0.3
314 0.2
315 0.2
316 0.35
317 0.1
318 0.2
319 0.35
32 0.35
320 0.2
321 0.25
322 0.2
323 0.1
324 0.15
325 0.35
326 0.25
327 0.15
328 0.2
329 0.07
330 0.5
331 0.15
35 0.35
36 0.15
37 0.25
38 0.25
39 0.3
40 0.15
41 0.15
43 0.25
44 0.3
45 0.25
46 0.3
47 0.15
50 0.25
52 0.7
53 0.4
54 0.25
56 0.2
57 0.2
58 0.3
59 0.3
6 0.15
60 0.25
61 0.3
62 0.35
63 0.4
64 0.4
65 0.6
66 0.5
67 0.55
68 0.55
69 0.55
7 0.25
70 0.3
71 0.35
72 0.3
73 0.2
74 0.6
75 0.55
76 0.3
78 0.35
8 0.3
9 0.4
cloudsdream_mix1 0.15
cloudsdream_mix2 0.15
cloudsdream_mix3 15
tunnel 0.7
