55 2 0 3 5 7 0 7 9 10 9 10 12 3 15 12 19 14
55 2 0 7 10
40 -1 11 1 1 4 4 4 6 8 8 9 11 11
40 -1 11 1 1 4 4 4 6 8 8 9 11 11 23 13 13 16 16 16 18 20 20 21 23 23 35 25 25 28 28 28 30 32 32 33 35 35
40 -1 1 1 1 4 4 4 6 8 8 8 8 1
40 -1 1 1 1 4 4 4 6 8 8 8 8 1 13 13 13 16 16 16 18 20 20 20 20 13 25 25 25 28 28 28 30 32 32 32 32 25
36 3 0 0 3 3 7 9 10 14 19 20 9 7 0 3 0
36 3 0 0 3 3 7 9 10 14 19 20 9 7 0 3 0 10 10 13 13 17 19 20 24 29 30 19 17 10 13 10
50 4 7 7 6 4 4 2 2 10 10 17 17 16 14 14 12 12 20 20
48 8 0 1 5 9 10 15 17 20 8 15 5 4 3 8 9
46 9 0 0 0 5 5 8 8 8 3 10 15 14 10 5
48 5 0 5 0 7 10 10 15 10 17 14
49 1 0 3 7 10 0 3 0 3 9
48 2 0 2 6 8 8 4 3 9 5 10 9 8 5 3 2
40 7 3 0 8 2 17 19 15 2 7 5 15 1 10 8 7 12 14 15 17 18 20 13 10 18 12 27 29 25 12 17 15 25 11 20 18 17 22 24 25 27 28 30
44 9 2 2 3 3 5 5 5 8 8 15 12 18