vertexCount 360
faceCount 182
v 9.24015522003 3.79865312576 -0.435620427132
v 8.89891433716 4.31453895569 -1.48123919964
v 3.79865312576 0.435620307922 9.24015522003
v 4.31453895569 1.4812387228 8.89891529083
v 5.710729599 -5.44150161743 6.14635038376
v 5.49983167648 -4.58437538147 6.98107099533
v 9.5093832016 -3.09380459785 2.25495764283e-08
v 9.81437110901 -1.91784358025 2.76277911659e-09
v 9.24015522003 -3.79865336418 0.435620427132
v 8.89891433716 -4.31453895569 1.48123919964
v 6.7696480751 -6.4236536026 3.59284496307
v 4.90133142471 -7.57833766937 4.30647850037
v 7.30265426636 -6.52598571777 2.02058410645
v 6.39122009277 -7.62052154541 1.03921151161
v 9.08520412445 -3.37518382072 2.46316957474
v 9.79883766174 -1.50686717033 1.30848634243
v 6.98107099533 -5.49983167648 4.58437585831
v 6.1463508606 -5.71072912216 5.44150161743
v 6.14635038376 -5.710729599 -5.44150209427
v 6.98107051849 -5.49983215332 -4.58437585831
v 5.44150161743 -6.14635038376 -5.71073007584
v 4.58437538147 -6.98107051849 -5.49983167648
v -5.71073007584 -5.44150114059 6.1463508606
v -5.49983215332 -4.58437585831 6.98107051849
v 0.435620427132 -9.24015522003 3.7986536026
v 1.48123919964 -8.89891433716 4.31453895569
v -0.435620307922 -9.24015522003 3.79865312576
v -1.48123896122 -8.89891529083 4.31453847885
v -4.90133142471 -7.57833719254 4.3064789772
v -6.7696480751 -6.4236536026 3.59284567833
v -4.03328084946 -8.54656887054 3.2693734169
v -4.70974111557 -8.6597328186 1.68147921562
v -1.15468299389 -8.27651500702 5.4923582077
v 1.1546831131 -8.27651500702 5.49235868454
v -4.58437585831 -6.98107099533 5.49983167648
v -5.44150209427 -6.14635038376 5.710729599
v -6.1463508606 -5.710729599 -5.44150161743
v -6.98107147217 -5.49983167648 -4.58437490463
v 5.3888690843e-08 -9.5093832016 -3.09380483627
v 5.6564022799e-08 -9.81437110901 -1.91784358025
v -0.435620367527 -9.24015522003 -3.7986536026
v -1.48123908043 -8.89891529083 -4.31453895569
v 1.1546831131 -8.27651500702 -5.49235868454
v -1.15468323231 -8.27651500702 -5.49235916138
v 2.02058410645 -7.30265331268 -6.5259847641
v 1.03921151161 -6.39122009277 -7.62052106857
v 4.90133142471 -7.57833766937 -4.30647850037
v 6.76964855194 -6.4236536026 -3.59284472466
v 1.48123919964 -8.89891433716 -4.31453895569
v 0.435620427132 -9.24015522003 -3.79865312576
v -3.79865312576 -0.435620486736 -9.24015522003
v -4.31453895569 -1.48123919964 -8.89891529083
v 3.79865312576 -0.435620427132 -9.24015522003
v 4.31453895569 -1.48123884201 -8.89891529083
v 3.09380435944 -5.09426527628e-08 -9.5093832016
v 1.91784369946 -5.34717372602e-08 -9.81437110901
v -1.50686705112 1.30848622322 -9.79883766174
v -3.37518358231 2.46316933632 -9.08520412445
v -4.55055193527e-08 2.01269674301 -9.79535865784
v -1.64093325594e-08 3.6705300808 -9.30200004578
v 1.50686681271 -1.30848622322 -9.79883766174
v 3.37518310547 -2.46316885948 -9.08520412445
v -1.91784358025 -5.34717337075e-08 -9.81437110901
v -3.09380459785 -7.08601390897e-08 -9.5093832016
v -5.71073007584 5.44150114059 -6.1463508606
v -5.49983215332 4.58437585831 -6.98107051849
v -0.435620307922 9.24015522003 -3.79865312576
v -1.48123908043 8.89891529083 -4.31453895569
v 5.710729599 5.44150161743 -6.14635038376
v 5.49983119965 4.58437585831 -6.98107147217
v 5.44150161743 6.14635038376 -5.71073007584
v 4.58437585831 6.98107051849 -5.49983215332
v 6.7696480751 6.42365455627 -3.59284496307
v 4.90133142471 7.5783367157 -4.30647850037
v 7.30265378952 6.52598571777 -2.02058386803
v 6.39122009277 7.62052154541 -1.0392113924
v 9.08520412445 3.37518334389 -2.46316957474
v 9.79883766174 1.50686705112 -1.30848634243
v 6.98107051849 5.49983167648 -4.58437585831
v 6.1463508606 5.710729599 -5.44150161743
v 1.0368236758e-07 9.5093832016 3.09380459785
v 9.17827449598e-08 9.81437110901 1.91784369946
v 6.14635038376 5.710729599 5.44150209427
v 6.98107051849 5.49983215332 4.58437585831
v 5.44150209427 6.14635038376 5.71073007584
v 4.58437538147 6.98107051849 5.49983167648
v 1.1546831131 8.27651500702 5.49235916138
v -1.15468287468 8.27651500702 5.49235868454
v 2.02058386803 7.30265331268 6.52598571777
v 1.03921151161 6.39122009277 7.62052106857
v 4.90133094788 7.57833766937 4.30647850037
v 6.76964855194 6.4236536026 3.59284472466
v 1.48123919964 8.89891433716 4.31453895569
v 0.435620516539 9.24015522003 3.7986536026
v -5.44150114059 6.1463508606 5.710729599
v -4.58437538147 6.98107147217 5.49983119965
v -3.09380459785 -3.10251877522e-08 9.5093832016
v -1.91784358025 -1.01897271065e-07 9.81437110901
v -3.79865312576 0.435620367527 9.24015522003
v -4.31453895569 1.48123919964 8.89891529083
v -7.57833719254 -4.30647850037 4.90133142471
v -6.42365407944 -3.59284496307 6.76964855194
v -8.54656982422 -3.2693734169 4.03327989578
v -8.6597328186 -1.68147921562 4.70974063873
v -8.27651500702 -5.49235868454 1.1546831131
v -8.27651500702 -5.4923582077 -1.15468299389
v -6.98107051849 -5.49983215332 4.58437585831
v -6.14634990692 -5.71073055267 5.44150161743
v -9.24015522003 -3.79865312576 0.435620367527
v -8.89891529083 -4.31453895569 1.48123908043
v -9.5093832016 -3.09380435944 2.63210653273e-09
v -9.81437110901 -1.91784369946 2.76277933864e-09
v -6.7696480751 6.42365455627 3.59284496307
v -4.90133142471 7.5783367157 4.30647850037
v -7.30265331268 6.52598571777 2.02058362961
v -6.39122056961 7.62052154541 1.03921127319
v -9.08520412445 3.37518358231 2.46316933632
v -9.79883766174 1.50686705112 1.30848646164
v -6.98107051849 5.49983167648 4.58437585831
v -6.14634990692 5.71073102951 5.44150161743
v -9.24015522003 3.79865288734 0.435620486736
v -8.89891433716 4.31453895569 1.48123908043
v -9.24015522003 3.79865312576 -0.435620307922
v -8.89891529083 4.31453895569 -1.48123908043
v -7.5783367157 4.30647850037 -4.90133094788
v -6.42365407944 3.59284496307 -6.76964855194
v -8.54656982422 3.26937317848 -4.03327989578
v -8.6597328186 1.68147909641 -4.70974063873
v -8.27651500702 5.49235916138 -1.15468287468
v -8.27651500702 5.49235868454 1.15468299389
v -6.98107147217 5.49983167648 -4.58437538147
v -6.14634990692 5.71073055267 -5.44150161743
v 7.57833719254 -4.30647850037 -4.90133142471
v 6.42365407944 -3.59284448624 -6.7696480751
v 8.54656887054 -3.2693734169 -4.03328037262
v 8.65973186493 -1.68147921562 -4.70974111557
v 8.89891433716 -4.31453943253 -1.48123908043
v 9.24015522003 -3.79865336418 -0.435620427132
v 8.27651500702 -5.4923582077 -1.15468299389
v 8.27651500702 -5.49235916138 1.15468323231
v 5.49235868454 -1.15468287468 -8.27651500702
v 5.4923582077 1.15468287468 -8.27651596069
v 5.49983167648 -4.58437490463 -6.98107099533
v 5.71073007584 -5.44150114059 -6.1463508606
v 4.30647850037 -4.90133094788 -7.5783367157
v 3.59284496307 -6.7696480751 -6.42365455627
v 6.4236536026 3.59284472466 -6.7696480751
v 7.5783367157 4.30647850037 -4.90133190155
v 4.31453895569 1.48123908043 -8.89891433716
v 3.7986536026 0.435620307922 -9.24015522003
v 3.37518358231 2.4631690979 -9.08520412445
v 1.50686681271 1.30848610401 -9.79883766174
v 9.30200004578 -5.4606378086e-08 -3.67052984238
v 9.79535865784 -5.48458807259e-08 -2.01269674301
v 7.62052106857 -1.03921151161 -6.39122056961
v 6.5259847641 -2.02058386803 -7.30265426636
v 7.62052106857 1.0392113924 -6.39122056961
v 6.5259847641 2.02058386803 -7.30265426636
v 8.6597328186 1.68147921562 -4.70974111557
v 8.54656887054 3.26937389374 -4.03328084946
v 9.79883766174 -1.50686705112 -1.30848634243
v 9.08520412445 -3.37518358231 -2.46316933632
v 9.81437110901 1.91784358025 2.76277911659e-09
v 9.5093832016 3.09380459785 -1.72853642511e-08
v 9.79883766174 1.50686705112 1.30848634243
v 9.08520412445 3.37518358231 2.46316933632
v 5.49235868454 1.15468275547 8.27651500702
v 5.49235868454 -1.1546831131 8.27651500702
v 6.5259847641 2.02058386803 7.30265426636
v 7.62052154541 1.0392113924 6.39122009277
v 5.49983167648 4.58437490463 6.98107099533
v 5.71073007584 5.44150114059 6.1463508606
v 4.30647850037 4.90133094788 7.57833766937
v 3.59284496307 6.7696480751 6.42365455627
v 6.4236536026 -3.59284543991 6.76964855194
v 7.5783367157 -4.30647850037 4.90133190155
v 4.31453895569 -1.48123908043 8.89891529083
v 3.79865336418 -0.435620367527 9.24015522003
v 3.37518358231 -2.4631690979 9.08520412445
v 1.50686681271 -1.30848622322 9.79883766174
v 8.6597328186 1.68147921562 4.70974111557
v 8.54656887054 3.2693734169 4.03328037262
v 7.62052106857 -1.03921151161 6.39122056961
v 6.5259847641 -2.02058410645 7.30265426636
v 8.6597328186 -1.68147945404 4.70974111557
v 8.54656887054 -3.2693734169 4.03328084946
v 9.30200004578 -5.4606378086e-08 3.67052936554
v 9.79535865784 -5.48458807259e-08 2.01269674301
v 7.57833719254 4.30647850037 4.90133142471
v 6.42365407944 3.59284448624 6.7696480751
v 8.89891433716 4.31453943253 1.48123908043
v 9.24015522003 3.79865312576 0.435620427132
v 8.27651500702 5.4923582077 1.15468299389
v 8.27651500702 5.49235916138 -1.15468299389
v 2.46316957474 -9.08520412445 3.37518334389
v 1.30848622322 -9.79883766174 1.50686693192
v 4.58437585831 -6.98107051849 5.49983215332
v 5.44150114059 -6.1463508606 5.71073007584
v 3.59284496307 -6.76964855194 6.4236536026
v 4.30647850037 -4.90133142471 7.57833719254
v 1.30848622322 -9.79883766174 -1.50686693192
v 2.4631690979 -9.08520412445 -3.37518358231
v 8.07767932542e-08 -9.81437110901 1.91784358025
v 8.19544467845e-08 -9.5093832016 3.09380435944
v -1.30848610401 -9.79883766174 1.50686681271
v -2.4631690979 -9.08520412445 3.37518310547
v 6.39122009277 -7.62052106857 -1.03921151161
v 7.30265331268 -6.5259847641 -2.02058386803
v 4.70974063873 -8.6597328186 1.68147921562
v 4.03328037262 -8.54656887054 3.2693734169
v 3.67053031921 -9.30200004578 2.82140466545e-09
v 2.01269674301 -9.79535865784 2.83377832311e-09
v 4.70974111557 -8.6597328186 -1.68147921562
v 4.03328037262 -8.54656887054 -3.2693734169
v -1.50686705112 -1.30848622322 9.79883766174
v -3.37518358231 -2.46316933632 9.08520412445
v -4.55055193527e-08 -2.01269674301 9.79535865784
v -3.84110272478e-08 -3.67053031921 9.30200004578
v 1.91784369946 -7.76845112682e-08 9.81437110901
v 3.09380435944 -3.10251841995e-08 9.5093832016
v 1.50686681271 1.30848622322 9.79883766174
v 3.37518310547 2.46316885948 9.08520412445
v -4.3064789772 -4.90133142471 7.5783367157
v -3.59284448624 -6.76964855194 6.4236536026
v -4.31453895569 -1.48123931885 8.89891433716
v -3.79865312576 -0.435620486736 9.24015522003
v -5.49235868454 -1.15468323231 8.27651500702
v -5.4923582077 1.1546831131 8.27651500702
v 1.6814789772 -4.70974063873 8.6597328186
v 3.2693734169 -4.03327989578 8.54656982422
v -1.68147921562 -4.70974111557 8.65973186493
v -3.2693734169 -4.03328084946 8.54656887054
v -1.0392113924 -6.39122009277 7.62052154541
v -2.02058386803 -7.30265426636 6.5259847641
v 1.03921151161 -6.39122009277 7.62052106857
v 2.02058386803 -7.30265378952 6.52598571777
v -6.76964855194 -6.4236536026 -3.59284448624
v -4.90133190155 -7.5783367157 -4.30647850037
v -8.89891529083 -4.31453895569 -1.48123896122
v -9.24015522003 -3.7986536026 -0.435620367527
v -9.08520412445 -3.37518310547 -2.4631690979
v -9.79883766174 -1.50686717033 -1.30848634243
v -3.67052984238 -9.30200004578 -6.31836485354e-08
v -2.01269674301 -9.79535865784 -4.62624853981e-08
v -6.39122056961 -7.62052106857 1.0392113924
v -7.30265426636 -6.5259847641 2.02058386803
v -6.39122056961 -7.62052106857 -1.0392113924
v -7.30265522003 -6.52598428726 -2.02058386803
v -4.70974111557 -8.6597328186 -1.68147921562
v -4.03328084946 -8.54656887054 -3.2693734169
v -2.46316957474 -9.08520412445 -3.37518358231
v -1.30848610401 -9.79883766174 -1.50686693192
v -4.58437585831 -6.98107051849 -5.49983119965
v -5.44150161743 -6.14635038376 -5.71073007584
v -3.59284496307 -6.7696480751 -6.4236536026
v -4.30647850037 -4.90133142471 -7.57833766937
v -3.37518405914 -2.46316981316 -9.08520412445
v -1.50686681271 -1.30848634243 -9.79883766174
v -5.49983215332 -4.58437585831 -6.98107051849
v -5.71073007584 -5.44150161743 -6.14635038376
v -6.42365455627 -3.59284496307 -6.7696480751
v -7.5783367157 -4.30647850037 -4.90133094788
v 1.68147921562 -4.70974063873 -8.6597328186
v 3.2693734169 -4.03328037262 -8.54656887054
v -1.0392113924 -6.39122009277 -7.62052106857
v -2.02058362961 -7.30265331268 -6.5259847641
v -1.68147921562 -4.70974111557 -8.6597328186
v -3.2693734169 -4.03328132629 -8.54656887054
v -8.24077872608e-09 -3.6705300808 -9.30200004578
v -5.31925330449e-08 -2.01269674301 -9.79535865784
v -4.3064789772 4.90133142471 -7.5783367157
v -3.59284543991 6.76964759827 -6.42365455627
v -4.31453895569 1.48123919964 -8.89891433716
v -3.79865312576 0.435620367527 -9.24015522003
v -5.49235868454 1.1546831131 -8.27651500702
v -5.49235868454 -1.1546831131 -8.27651500702
v -1.1546831131 8.27651500702 -5.4923582077
v 1.15468299389 8.27651596069 -5.4923582077
v -4.58437585831 6.98107099533 -5.49983167648
v -5.44150209427 6.14635038376 -5.710729599
v -4.90133190155 7.5783367157 -4.30647945404
v -6.76964855194 6.4236536026 -3.59284448624
v 1.68147921562 4.70974111557 -8.6597328186
v 3.2693734169 4.03328037262 -8.54656887054
v -1.68147921562 4.70974111557 -8.6597328186
v -3.2693734169 4.03328084946 -8.54656887054
v -1.0392113924 6.39122056961 -7.62052106857
v -2.02058362961 7.30265426636 -6.5259847641
v 1.03921151161 6.39122056961 -7.62052106857
v 2.02058386803 7.30265426636 -6.5259847641
v 3.59284496307 6.7696480751 -6.4236536026
v 4.30647850037 4.90133142471 -7.5783367157
v 1.48123919964 8.89891433716 -4.31453895569
v 0.435620367527 9.24015522003 -3.79865336418
v 2.46316933632 9.08520412445 -3.37518358231
v 1.30848622322 9.79883766174 -1.50686681271
v 1.30848622322 9.79883766174 1.50686693192
v 2.46316933632 9.08520412445 3.37518358231
v 5.6564022799e-08 9.81437110901 -1.91784369946
v 3.39712116215e-08 9.5093832016 -3.09380435944
v -1.30848622322 9.79883766174 -1.50686681271
v -2.46316933632 9.08520412445 -3.37518358231
v 6.39122104645 7.62052106857 1.03921151161
v 7.30265331268 6.5259847641 2.02058386803
v 4.70974063873 8.6597328186 -1.68147921562
v 4.03328037262 8.54656887054 -3.26937365532
v 3.6705300808 9.30200004578 9.08281521106e-08
v 2.01269674301 9.79535865784 5.19300442647e-08
v 4.70974111557 8.6597328186 1.68147921562
v 4.03328037262 8.54656887054 3.2693734169
v -3.59284448624 6.76964855194 6.4236536026
v -4.30647850037 4.90133190155 7.5783367157
v -1.48123896122 8.89891529083 4.31453895569
v -0.435620367527 9.24015522003 3.79865336418
v -2.4631690979 9.08520412445 3.37518358231
v -1.30848610401 9.79883766174 1.50686681271
v -3.37518358231 2.46316957474 9.08520412445
v -1.50686681271 1.30848622322 9.79883766174
v -5.49983167648 4.58437585831 6.98107051849
v -5.71073055267 5.44150161743 6.14634990692
v -6.42365455627 3.59284496307 6.7696480751
v -7.57833766937 4.30647850037 4.90133142471
v 1.68147933483 4.70974111557 8.6597328186
v 3.2693734169 4.03328037262 8.54656887054
v -1.0392113924 6.39122009277 7.62052106857
v -2.02058362961 7.30265426636 6.5259847641
v -1.68147933483 4.70974111557 8.6597328186
v -3.2693734169 4.03328084946 8.54656887054
v -3.02424574272e-08 3.67053031921 9.30200004578
v -5.31925365976e-08 2.01269674301 9.79535865784
v -9.30200004578 1.13986722283e-08 3.67053031921
v -9.79535865784 -5.74961411814e-09 2.01269674301
v -7.62052106857 -1.03921151161 6.39122009277
v -6.5259847641 -2.02058434486 7.30265426636
v -7.62052106857 1.0392113924 6.39122104645
v -6.52598524094 2.02058410645 7.30265426636
v -8.6597328186 1.68147921562 4.70974063873
v -8.54656887054 3.26937365532 4.03328037262
v -9.79883766174 -1.50686693192 1.30848622322
v -9.08520412445 -3.37518358231 2.46316933632
v -9.81437110901 1.91784346104 7.54010898163e-08
v -9.5093832016 3.09380483627 5.87636392879e-08
v -9.79883766174 1.50686681271 -1.30848622322
v -9.08520412445 3.37518358231 -2.46316885948
v -6.39122009277 7.62052154541 -1.0392113924
v -7.30265378952 6.52598571777 -2.02058362961
v -4.70974063873 8.6597328186 1.68147921562
v -4.03328037262 8.54656982422 3.2693734169
v -3.67052936554 9.30200004578 -4.1181973387e-08
v -2.01269650459 9.79535865784 2.83377854515e-09
v -4.70974111557 8.6597328186 -1.68147933483
v -4.03328084946 8.54656887054 -3.26937389374
v -9.30200004578 -5.46063958495e-08 -3.67053031921
v -9.79535865784 -5.48458878313e-08 -2.01269674301
v -7.62052154541 1.0392113924 -6.39122056961
v -6.52598524094 2.02058410645 -7.30265426636
v -7.62052106857 -1.03921151161 -6.39122009277
v -6.52598571777 -2.02058386803 -7.30265426636
v -8.6597328186 -1.6814789772 -4.70974063873
v -8.54656982422 -3.2693734169 -4.03327989578
fv 6 8 137
fc 9.32989788055 -3.56370377541 7.51652547611e-09
fn 0.934172 -0.356822 0.000000
fv 16 10 12 139 9 14 185 175
fc 7.92986404896 -4.90092560649 3.02893871069
fn 0.809017 -0.500000 0.309017
fv 18 20 143
fc 5.76619402568 -5.76619370778 -5.76619434357
fn 0.577350 -0.577351 -0.577350
fv 24 26 203
fc 6.70545787784e-08 -9.32989788055 3.56370369593
fn -0.000000 -0.934173 0.356821
fv 34 28 30 205 27 32 233 223
fc -3.02893844247 -7.92986428738 4.90092527866
fn -0.309017 -0.809017 0.500000
fv 38 40 49
fc 3.78311118728e-08 -9.32989788055 -3.56370385488
fn 0.000000 -0.934172 -0.356822
fv 48 42 44 145 21 46 213 201
fc 3.02893845737 -7.92986398935 -4.90092551708
fn 0.309017 -0.809017 -0.500000
fv 52 54 149
fc 3.56370369593 -5.67173141045e-08 -9.32989788055
fn 0.356821 -0.000000 -0.934173
fv 62 56 58 151 55 60 269 257
fc -2.72384177435e-08 -4.31702562587e-08 -9.80185127258
fn -0.000000 0.000000 -1.000000
fv 68 70 79
fc 5.76619402568 5.76619386673 -5.76619402568
fn 0.577350 0.577350 -0.577351
fv 78 72 74 193 1 76 159 147
fc 7.92986392975 4.9009257257 -3.02893865108
fn 0.809017 0.500000 -0.309017
fv 82 84 171
fc 5.76619418462 5.76619370778 5.76619434357
fn 0.577350 0.577350 0.577350
fv 92 86 88 173 85 90 309 297
fc 3.02893839777 7.92986398935 4.9009256959
fn 0.309017 0.809017 0.500000
fv 96 98 225
fc -3.56370361646 -5.0078159101e-08 9.32989788055
fn -0.356822 0.000000 0.934172
fv 108 110 239
fc -9.32989788055 -3.56370369593 8.77368844243e-10
fn -0.934173 -0.356821 0.000000
fv 120 122 341
fc -9.32989788055 3.56370361646 7.9192524538e-08
fn -0.934172 0.356823 0.000000
fv 130 124 126 343 123 128 345 281
fc -7.92986434698 4.90092554688 -3.02893814445
fn -0.809017 0.500000 -0.309017
fv 136 138 207 47 19 132 134 161
fc 7.92986398935 -4.90092545748 -3.02893845737
fn 0.809017 -0.500000 -0.309017
fv 142 144 263 61 53 140 155 133
fc 4.90092539787 -3.02893814445 -7.92986416817
fn 0.500000 -0.309017 -0.809017
fv 154 156 158 152 135
fc 8.37250137329 -3.47631335273e-08 -5.17449064255
fn 0.850651 -0.000000 -0.525731
fv 162 164 187 15 7 160 153 77
fc 9.80185127258 -2.86126313753e-08 6.9069483466e-10
fn 1.000000 0.000000 0.000000
fv 182 184 186 180 169
fc 8.37250165939 -8.24468493477e-08 5.17449045181
fn 0.850651 0.000000 0.525731
fv 190 192 303 91 83 188 181 165
fc 7.92986398935 4.90092545748 3.02893845737
fn 0.809017 0.500000 0.309017
fv 196 198 235 33 25 194 209 11
fc 3.02893854678 -7.92986410856 4.90092554688
fn 0.309017 -0.809017 0.500000
fv 208 210 212 206 13
fc 5.17449045181 -8.37250165939 5.64280933091e-10
fn 0.525731 -0.850651 0.000000
fv 224 226 333 101 23 222 231 215
fc -4.90092557669 -3.02893866599 7.92986404896
fn -0.500000 -0.309017 0.809017
fv 230 232 234 228 217
fc -3.15240633597e-08 -5.17449045181 8.37250146866
fn -0.000000 -0.525731 0.850651
fv 244 246 248 242 31
fc -5.17449064255 -8.37250156403 -1.26367297071e-08
fn -0.525731 -0.850651 -0.000000
fv 252 254 265 43 41 250 249 237
fc -3.02893863618 -7.92986398935 -4.90092539787
fn -0.309017 -0.809017 -0.500000
fv 264 266 268 262 45
fc 2.21937021649e-08 -5.17449040413 -8.37250156403
fn -0.000000 -0.525731 -0.850651
fv 272 274 355 125 65 270 285 57
fc -4.90092563629 3.02893860638 -7.92986404896
fn -0.500000 0.309017 -0.809017
fv 284 286 288 282 59
fc 2.05599913983e-08 5.17449069023 -8.37250156403
fn 0.000000 0.525731 -0.850651
fv 292 294 305 73 71 290 289 277
fc 3.02893850207 7.92986410856 -4.90092542768
fn 0.309017 0.809017 -0.500000
fv 304 306 308 302 75
fc 5.17449059486 8.37250165939 4.20074883323e-08
fn 0.525731 0.850651 0.000000
fv 312 314 347 113 95 310 325 87
fc -3.02893827856 7.92986440659 4.90092533827
fn -0.309017 0.809017 0.500000
fv 318 320 335 227 99 316 327 311
fc -4.90092551708 3.02893869579 7.92986410856
fn -0.500000 0.309017 0.809017
fv 324 326 328 322 89
fc 1.77933664247e-08 5.17449054718 8.37250156403
fn 0.000000 0.525731 0.850651
fv 332 334 336 330 103
fc -8.37250156403 -2.15621234645e-08 5.17449054718
fn -0.850651 0.000000 0.525731
fv 340 342 353 241 111 338 331 117
fc -9.80185127258 -6.71790825191e-08 2.46716448382e-08
fn -1.000000 0.000000 0.000000
fv 346 348 350 344 115
fc -5.17449035645 8.37250175476 -5.59201104977e-08
fn -0.525731 0.850651 0.000000
fv 354 356 358 352 127
fc -8.37250165939 -1.09212791699e-08 -5.17449045181
fn -0.850651 0.000000 -0.525731
fv 14 9 8 6 7 15
fc 9.39114427567 -3.0011485815 0.948085928208
fn 0.950191 -0.285043 0.126041
fv 208 13 12 10 11 209
fc 5.68464581172 -7.55913337072 2.65166195234
fn 0.579117 -0.767998 0.273502
fv 138 139 12 13 206 207
fc 7.3234629631 -6.54628841082 7.94728597005e-08
fn 0.748150 -0.663529 -0.000000
fv 196 11 10 16 17 197
fc 5.80404639244 -6.38999557495 4.85596052806
fn 0.587251 -0.665148 0.461210
fv 174 5 4 17 16 175
fc 6.38999557495 -4.85596028964 5.80404655139
fn 0.665148 -0.461210 0.587251
fv 46 21 20 18 19 47
fc 5.80404631297 -6.38999565442 -4.85596048832
fn 0.587251 -0.665148 -0.461210
fv 32 27 26 24 25 33
fc 7.94728597005e-08 -8.80519501368 4.53518350919
fn 0.000000 -0.872294 0.488982
fv 244 31 30 28 29 245
fc -5.68464605014 -7.55913305283 2.65166209141
fn -0.579117 -0.767998 0.273502
fv 204 205 30 31 242 243
fc -3.03298395872 -9.19795036316 1.63881707354
fn -0.305615 -0.937031 0.169033
fv 106 29 28 34 35 107
fc -5.80404631297 -6.38999581337 4.85596056779
fn -0.587251 -0.665148 0.461210
fv 222 23 22 35 34 223
fc -4.85596060753 -5.80404639244 6.38999549548
fn -0.461209 -0.587251 0.665148
fv 250 41 40 38 39 251
fc -0.948085836042 -9.39114443461 -3.0011485815
fn -0.126041 -0.950192 -0.285042
fv 264 45 44 42 43 265
fc 7.94728597005e-08 -7.32346280416 -6.54628825188
fn 0.000000 -0.748151 -0.663529
fv 144 145 44 45 262 263
fc 2.65166195234 -5.6846455733 -7.5591331323
fn 0.273502 -0.579117 -0.767998
fv 40 41 43 42 48 49
fc 9.93410746257e-09 -8.80519501368 -4.53518374761
fn 0.000000 -0.872294 -0.488982
fv 200 39 38 49 48 201
fc 0.948085843057 -9.39114427567 -3.00114850203
fn 0.126041 -0.950192 -0.285043
fv 60 55 54 52 53 61
fc 3.00114834309 -0.94808574271 -9.39114443461
fn 0.285043 -0.126041 -0.950192
fv 284 59 58 56 57 285
fc -1.63881722131 3.03298405806 -9.19795036316
fn -0.169034 0.305615 -0.937031
fv 150 151 58 59 282 283
fc 1.63881716094 3.03298391898 -9.19795036316
fn 0.169033 0.305615 -0.937031
fv 272 57 56 62 63 273
fc -3.00114848216 0.948085833729 -9.39114427567
fn -0.285043 0.126041 -0.950192
fv 256 51 50 63 62 257
fc -3.0011485219 -0.948085994382 -9.39114443461
fn -0.285043 -0.126041 -0.950192
fv 290 71 70 68 69 291
fc 4.85596028964 5.80404631297 -6.3899957339
fn 0.461209 0.587251 -0.665149
fv 304 75 74 72 73 305
fc 5.68464573224 7.55913337072 -2.65166193247
fn 0.579117 0.767998 -0.273502
fv 192 193 74 75 302 303
fc 7.32346304258 6.54628841082 1.98682149251e-08
fn 0.748151 0.663529 0.000000
fv 162 77 76 1 0 163
fc 9.39114427567 3.00114844243 -0.94808592641
fn 0.950191 0.285043 -0.126041
fv 70 71 73 72 78 79
fc 5.80404639244 6.38999557495 -4.85596052806
fn 0.587250 0.665148 -0.461210
fv 146 69 68 79 78 147
fc 6.38999541601 4.85596032937 -5.80404655139
fn 0.665148 0.461210 -0.587251
fv 90 85 84 82 83 91
fc 5.80404631297 6.38999565442 4.85596048832
fn 0.587250 0.665148 0.461210
fv 324 89 88 86 87 325
fc 9.93410746257e-08 7.3234629631 6.54628841082
fn -0.000000 0.748151 0.663529
fv 172 173 88 89 322 323
fc 2.65166193247 5.68464565277 7.55913345019
fn 0.273502 0.579117 0.767998
fv 312 87 86 92 93 313
fc 1.04308128357e-07 8.80519501368 4.53518378735
fn 0.000000 0.872294 0.488982
fv 296 81 80 93 92 297
fc 0.948085911864 9.39114427567 3.00114856164
fn 0.126041 0.950192 0.285043
fv 316 99 98 96 97 317
fc -3.00114844243 0.948085872034 9.39114443461
fn -0.285043 0.126041 0.950191
fv 332 103 102 100 101 333
fc -7.55913329124 -2.65166199207 5.68464581172
fn -0.767998 -0.273502 0.579117
fv 22 23 101 100 106 107
fc -6.38999565442 -4.85596052806 5.80404647191
fn -0.665148 -0.461209 0.587251
fv 22 107 35
fc -5.76619402568 -5.76619402568 5.76619402568
fn -0.577350 -0.577351 0.577350
fv 338 111 110 108 109 339
fc -9.39114443461 -3.00114844243 0.948085835482
fn -0.950192 -0.285043 0.126041
fv 238 105 104 109 108 239
fc -8.80519517263 -4.53518358866 3.97364298503e-08
fn -0.872294 -0.488982 -0.000000
fv 346 115 114 112 113 347
fc -5.68464573224 7.55913352966 2.65166183313
fn -0.579117 0.767998 0.273502
fv 128 129 114 115 344 345
fc -7.3234629631 6.54628872871 0.0
fn -0.748150 0.663529 0.000000
fv 94 95 113 112 118 119
fc -5.80404607455 6.38999605179 4.85596028964
fn -0.587250 0.665149 0.461210
fv 94 119 319
fc -5.76619386673 5.76619450251 5.76619370778
fn -0.577349 0.577351 0.577350
fv 128 123 122 120 121 129
fc -8.80519501368 4.5351836284 4.96705373128e-08
fn -0.872294 0.488982 0.000000
fv 340 117 116 121 120 341
fc -9.39114427567 3.0011484623 0.948085916548
fn -0.950192 0.285043 0.126041
fv 121 116 337 321 118 112 114 129
fc -7.92986398935 4.90092566609 3.02893845737
fn -0.809017 0.500000 0.309017
fv 354 127 126 124 125 355
fc -7.55913337072 2.65166187286 -5.68464581172
fn -0.767997 0.273502 -0.579117
fv 342 343 126 127 352 353
fc -9.1979505221 1.63881709341 -3.03298377991
fn -0.937031 0.169033 -0.305615
fv 64 65 125 124 130 131
fc -6.3899957339 4.85596044858 -5.80404631297
fn -0.665149 0.461209 -0.587250
fv 64 131 279
fc -5.76619402568 5.76619402568 -5.76619402568
fn -0.577350 0.577351 -0.577350
fv 154 135 134 132 133 155
fc 7.55913297335 -2.65166183313 -5.68464597066
fn 0.767998 -0.273502 -0.579117
fv 142 133 132 19 18 143
fc 6.38999565442 -4.85596013069 -5.80404655139
fn 0.665148 -0.461209 -0.587251
fv 8 9 139 138 136 137
fc 8.80519485474 -4.53518374761 5.96046447754e-08
fn 0.872294 -0.488982 -0.000000
fv 160 7 6 137 136 161
fc 9.39114427567 -3.00114860137 -0.948085860166
fn 0.950192 -0.285043 -0.126041
fv 148 141 140 53 52 149
fc 4.53518358866 1.98682149251e-08 -8.80519517263
fn 0.488982 0.000000 -0.872294
fv 20 21 145 144 142 143
fc 4.85596036911 -5.80404599508 -6.38999581337
fn 0.461210 -0.587251 -0.665148
fv 54 55 151 150 148 149
fc 3.00114850203 0.948085747641 -9.39114427567
fn 0.285043 0.126041 -0.950192
fv 140 141 157 156 154 155
fc 6.54628809293 -1.98682149251e-08 -7.32346343994
fn 0.663529 0.000000 -0.748150
fv 146 147 159 158 156 157
fc 7.55913297335 2.65166193247 -5.68464612961
fn 0.767997 0.273502 -0.579117
fv 76 77 153 152 158 159
fc 9.19795036316 1.63881723249 -3.03298407793
fn 0.937031 0.169033 -0.305615
fv 152 153 160 161 134 135
fc 9.19795020421 -1.63881722923 -3.03298395872
fn 0.937031 -0.169033 -0.305615
fv 190 165 164 162 163 191
fc 9.39114427567 3.00114856164 0.948085861965
fn 0.950192 0.285043 0.126041
fv 182 169 168 166 167 183
fc 6.54628825188 -1.19209289551e-07 7.32346320152
fn 0.663529 0.000000 0.748151
fv 176 167 166 3 2 177
fc 4.5351836284 -1.29143397013e-07 8.80519517263
fn 0.488983 0.000000 0.872294
fv 84 85 173 172 170 171
fc 4.85596044858 5.80404599508 6.38999597232
fn 0.461210 0.587251 0.665148
fv 188 83 82 171 170 189
fc 6.38999565442 4.85596013069 5.80404655139
fn 0.665148 0.461210 0.587251
fv 218 179 178 176 177 219
fc 3.0011484623 -0.948085812964 9.39114443461
fn 0.285043 -0.126041 0.950192
fv 174 175 185 184 182 183
fc 7.55913297335 -2.65166207155 5.68464620908
fn 0.767997 -0.273502 0.579117
fv 14 15 187 186 184 185
fc 9.19795036316 -1.63881732858 3.03298399846
fn 0.937031 -0.169033 0.305615
fv 164 165 181 180 186 187
fc 9.19795036316 1.63881719275 3.03298387925
fn 0.937031 0.169034 0.305615
fv 180 181 188 189 168 169
fc 7.55913321177 2.65166181326 5.68464589119
fn 0.767998 0.273502 0.579117
fv 0 1 193 192 190 191
fc 8.80519485474 4.53518366814 -1.98682149251e-08
fn 0.872294 0.488982 0.000000
fv 0 191 163
fc 9.32989788055 3.56370361646 -5.76178808368e-09
fn 0.934172 0.356822 0.000000
fv 202 195 194 25 24 203
fc 0.948085931243 -9.39114427567 3.0011484623
fn 0.126041 -0.950192 0.285043
fv 4 5 199 198 196 197
fc 4.85596028964 -5.80404639244 6.3899957339
fn 0.461210 -0.587251 0.665148
fv 4 197 17
fc 5.76619386673 -5.76619386673 5.76619402568
fn 0.577351 -0.577349 0.577351
fv 26 27 205 204 202 203
fc -0.948085718054 -9.39114443461 3.00114824375
fn -0.126041 -0.950192 0.285043
fv 194 195 211 210 208 209
fc 3.03298397859 -9.19795036316 1.63881715233
fn 0.305615 -0.937031 0.169033
fv 200 201 213 212 210 211
fc 3.03298397859 -9.19795036316 -1.63881719018
fn 0.305615 -0.937031 -0.169034
fv 46 47 207 206 212 213
fc 5.68464581172 -7.5591331323 -2.65166187286
fn 0.579117 -0.767998 -0.273502
fv 230 217 216 214 215 231
fc -1.63881722498 -3.0329840978 9.19795020421
fn -0.169034 -0.305615 0.937031
fv 224 215 214 97 96 225
fc -3.00114848216 -0.948085916341 9.39114427567
fn -0.285043 -0.126041 0.950192
fv 2 3 221 220 218 219
fc 3.00114834309 0.948085667453 9.39114443461
fn 0.285043 0.126041 0.950192
fv 2 219 177
fc 3.56370361646 -3.02099429916e-08 9.32989788055
fn 0.356821 0.000000 0.934173
fv 98 99 227 226 224 225
fc -4.53518350919 -5.96046447754e-08 8.80519501368
fn -0.488982 -0.000000 0.872294
fv 216 217 228 229 178 179
fc 1.63881711753 -3.03298381964 9.1979505221
fn 0.169033 -0.305615 0.937031
fv 178 229 199 5 174 183 167 176
fc 4.90092539787 -3.02893844247 7.92986440659
fn 0.500000 -0.309017 0.809017
fv 222 223 233 232 230 231
fc -2.65166189273 -5.68464605014 7.55913289388
fn -0.273502 -0.579117 0.767998
fv 32 33 235 234 232 233
fc 3.97364298503e-08 -7.32346304258 6.54628833135
fn -0.000000 -0.748150 0.663529
fv 198 199 229 228 234 235
fc 2.65166187286 -5.68464573224 7.55913337072
fn 0.273502 -0.579117 0.767997
fv 252 237 236 37 36 253
fc -5.80404671033 -6.38999541601 -4.85596013069
fn -0.587251 -0.665148 -0.461209
fv 110 111 241 240 238 239
fc -9.39114443461 -3.00114848216 -0.948085793947
fn -0.950192 -0.285043 -0.126041
fv 204 243 251 39 200 211 195 202
fc 4.69699243943e-08 -9.80185127258 -2.03297495505e-08
fn 0.000000 -1.000000 0.000000
fv 104 105 247 246 244 245
fc -7.32346343994 -6.54628801346 1.98682149251e-08
fn -0.748150 -0.663529 0.000000
fv 104 245 29 106 100 102 339 109
fc -7.92986428738 -4.90092545748 3.02893853188
fn -0.809017 -0.500000 0.309017
fv 236 237 249 248 246 247
fc -5.68464636803 -7.55913289388 -2.65166181326
fn -0.579117 -0.767997 -0.273502
fv 248 249 250 251 243 242
fc -3.03298403819 -9.19795036316 -1.63881720936
fn -0.305615 -0.937031 -0.169033
fv 258 255 254 252 253 259
fc -4.85596052806 -5.80404631297 -6.38999557495
fn -0.461209 -0.587251 -0.665148
fv 36 37 261 260 258 259
fc -6.38999597232 -4.85596036911 -5.80404607455
fn -0.665149 -0.461210 -0.587251
fv 36 259 253
fc -5.76619418462 -5.76619386673 -5.76619402568
fn -0.577350 -0.577350 -0.577350
fv 254 255 267 266 264 265
fc -2.651661853 -5.68464589119 -7.5591331323
fn -0.273502 -0.579117 -0.767997
fv 256 257 269 268 266 267
fc -1.63881726097 -3.03298423688 -9.19795036316
fn -0.169034 -0.305615 -0.937031
fv 60 61 263 262 268 269
fc 1.63881708154 -3.03298381964 -9.19795036316
fn 0.169034 -0.305615 -0.937031
fv 278 271 270 65 64 279
fc -4.85596076647 5.8040462335 -6.38999565442
fn -0.461210 0.587250 -0.665148
fv 50 51 275 274 272 273
fc -4.53518358866 -1.98682149251e-08 -8.80519501368
fn -0.488982 0.000000 -0.872294
fv 50 273 63
fc -3.56370361646 -6.33564762135e-08 -9.32989788055
fn -0.356821 0.000000 -0.934173
fv 292 277 276 67 66 293
fc 9.93410746257e-09 8.80519517263 -4.53518346945
fn 0.000000 0.872294 -0.488982
fv 280 278 279 131 130 281
fc -5.80404663086 6.38999565442 -4.85596036911
fn -0.587251 0.665148 -0.461210
fv 150 283 291 69 146 157 141 148
fc 4.90092527866 3.02893841267 -7.92986422777
fn 0.500000 0.309017 -0.809017
fv 270 271 287 286 284 285
fc -2.65166201194 5.68464597066 -7.5591331323
fn -0.273502 0.579117 -0.767997
fv 276 277 289 288 286 287
fc 3.97364298503e-08 7.32346343994 -6.54628801346
fn 0.000000 0.748150 -0.663529
fv 288 289 290 291 283 282
fc 2.6516619126 5.68464597066 -7.55913297335
fn 0.273502 0.579117 -0.767997
fv 298 295 294 292 293 299
fc 0.94808586954 9.39114427567 -3.0011484623
fn 0.126041 0.950191 -0.285043
fv 66 67 301 300 298 299
fc -0.948085809559 9.39114443461 -3.00114842256
fn -0.126041 0.950192 -0.285043
fv 66 299 293
fc 3.11919521323e-08 9.32989788055 -3.56370361646
fn -0.000000 0.934173 -0.356821
fv 294 295 307 306 304 305
fc 3.03298389912 9.19795036316 -1.6388171872
fn 0.305615 0.937031 -0.169033
fv 296 297 309 308 306 307
fc 3.03298397859 9.19795036316 1.63881721492
fn 0.305615 0.937031 0.169034
fv 90 91 303 302 308 309
fc 5.68464589119 7.5591331323 2.65166187286
fn 0.579117 0.767998 0.273502
fv 318 311 310 95 94 319
fc -4.85596028964 5.80404671033 6.38999525706
fn -0.461210 0.587251 0.665148
fv 80 81 315 314 312 313
fc -0.948085722532 9.39114443461 3.00114850203
fn -0.126041 0.950192 0.285043
fv 80 313 93
fc 8.42313265063e-08 9.32989788055 3.56370385488
fn 0.000000 0.934172 0.356822
fv 320 318 319 119 118 321
fc -6.38999581337 4.85596060753 5.8040462335
fn -0.665148 0.461210 0.587251
fv 172 323 221 3 166 168 189 170
fc 4.90092539787 3.02893811464 7.92986428738
fn 0.500000 0.309017 0.809017
fv 310 311 327 326 324 325
fc -2.65166179339 5.68464612961 7.55913297335
fn -0.273502 0.579117 0.767997
fv 316 317 329 328 326 327
fc -1.63881720503 3.03298413754 9.19795036316
fn -0.169033 0.305615 0.937031
fv 220 221 323 322 328 329
fc 1.63881709775 3.03298393885 9.19795036316
fn 0.169034 0.305615 0.937031
fv 220 329 317 97 214 216 179 218
fc -2.72384181876e-08 -2.24477227917e-08 9.80185127258
fn -0.000000 -0.000000 1.000000
fv 226 227 335 334 332 333
fc -6.5462881724 -7.94728597005e-08 7.323463281
fn -0.663529 -0.000000 0.748151
fv 320 321 337 336 334 335
fc -7.55913337072 2.6516619722 5.68464597066
fn -0.767998 0.273502 0.579117
fv 116 117 331 330 336 337
fc -9.19795036316 1.63881725167 3.03298397859
fn -0.937031 0.169033 0.305615
fv 330 331 338 339 102 103
fc -9.1979505221 -1.63881719018 3.03298385938
fn -0.937031 -0.169033 0.305615
fv 122 123 343 342 340 341
fc -9.39114443461 3.0011484623 -0.948085722815
fn -0.950192 0.285043 -0.126041
fv 314 315 349 348 346 347
fc -3.03298368057 9.1979505221 1.63881716486
fn -0.305615 0.937031 0.169033
fv 300 301 351 350 348 349
fc -3.03298389912 9.19795036316 -1.63881727699
fn -0.305615 0.937031 -0.169034
fv 300 349 315 81 296 307 295 298
fc 6.32468295514e-08 9.80185127258 2.17466390451e-08
fn 0.000000 1.000000 0.000000
fv 280 281 345 344 350 351
fc -5.68464605014 7.55913321177 -2.65166203181
fn -0.579117 0.767998 -0.273502
fv 280 351 301 67 276 287 271 278
fc -3.02893865108 7.92986410856 -4.90092563629
fn -0.309017 0.809017 -0.500000
fv 274 275 357 356 354 355
fc -6.5462884903 1.98682149251e-08 -7.32346320152
fn -0.663529 0.000000 -0.748151
fv 260 261 359 358 356 357
fc -7.55913345019 -2.65166187286 -5.68464565277
fn -0.767998 -0.273502 -0.579117
fv 260 357 275 51 256 267 255 258
fc -4.9009257555 -3.02893869579 -7.92986422777
fn -0.500000 -0.309017 -0.809017
fv 240 241 353 352 358 359
fc -9.1979505221 -1.63881712989 -3.03298383951
fn -0.937031 -0.169033 -0.305615
fv 240 359 261 37 236 247 105 238
fc -7.92986452579 -4.90092521906 -3.02893814445
fn -0.809017 -0.500000 -0.309017
