vertexCount 932
faceCount 468
v 6.36356449127 -7.45620632172 1.96725797653
v 6.92707824707 -6.89202928543 2.11553263664
v -0.745915055275 3.08483934402 -9.48244094849
v -0.44622194767 2.39449763298 -9.69809341431
v 0.811868846416 7.10294818878 6.99446439743
v 1.47390508652 7.3528547287 6.61770820618
v 6.3253326416 -7.54899597168 -1.7187628746
v 6.77556991577 -7.14272546768 -1.7389383316
v 7.01374435425 -7.05512905121 -0.992197036743
v 1.24473905563 4.6719827652 8.75513362885
v 0.375428140163 4.47627019882 8.93612194061
v 0.180763274431 3.76337313652 9.26477336884
v -0.512649774551 3.7230322361 9.26878356934
v 1.95666337013 -4.11583471298 -8.89897155762
v 2.54385709763 -4.20386886597 -8.70715999603
v 2.54140424728 -4.89024829865 -8.34170341492
v -7.39259815216 0.0136164780706 -6.7350358963
v -7.65041160583 0.445239007473 -6.42551708221
v -7.47605705261 0.922456860542 -6.57816982269
v 6.31891441345 7.5411901474 1.7900172472
v 6.75762176514 7.13716316223 1.8426104784
v 7.02479076385 7.02881717682 1.11571264267
v -3.57075476646 9.26160144806 1.23074233532
v -3.98066616058 9.08878231049 1.26161897182
v -4.1251168251 8.95533943176 1.68220031261
v 7.9342250824 -2.66214990616 5.47148370743
v 8.22955989838 -3.40513706207 4.54424238205
v 7.95249271393 -4.27210855484 4.29833364487
v -2.55398392677 -5.85966396332 7.69104862213
v -2.80550718307 -6.53822755814 7.02772188187
v -3.76378250122 -6.37932777405 6.7193403244
v 1.36250066757 -7.56982660294 -6.38747835159
v 2.29029774666 -7.46179676056 -6.2475528717
v 2.96941065788 -6.69029045105 -6.81005001068
v 2.62117147446 -6.02088737488 -7.53883457184
v 1.79824471474 -5.91611385345 -7.85647106171
v 1.9371380806 -5.16808128357 -8.33649539948
v 6.87021064758 6.81768274307 -2.51150560379
v 7.53483724594 6.19536304474 -2.19738221169
v 7.88009548187 6.07137775421 -1.01410484314
v 7.45503425598 6.66170024872 -0.187927022576
v 6.82661962509 7.30314397812 -0.237625807524
v 6.69164848328 7.40157413483 0.660704493523
v 9.11522006989 3.25800848007 -2.5036137104
v 8.75524330139 3.53292751312 -3.29155349731
v -8.55247020721 -2.93847632408 4.27242898941
v -9.38946914673 -2.57982230186 2.28360557556
v -8.82769489288 -3.31181049347 3.33684110641
v -6.91465616226 -6.6877040863 2.73403072357
v -6.21548986435 -7.51417016983 2.21621060371
v -6.29573154449 -7.63095855713 1.46187925339
v -6.74519920349 -7.31173181534 1.02335464954
v -7.62087249756 6.24070739746 -1.73709201813
v -7.14230060577 6.74625873566 -1.87523281574
v -6.6575551033 7.34140634537 -1.3501200676
v -6.60531759262 7.50180768967 -0.370578229427
v -7.12046146393 7.00669002533 0.502508699894
v -8.2470331192 3.24595451355 -4.63452959061
v -8.60823535919 3.46843767166 -3.72839641571
v -9.17896747589 2.64750099182 -2.96168398857
v -9.30435657501 1.63885378838 -3.28241109848
v -9.06482791901 1.25849318504 -4.03391885757
v -9.23563289642 0.509144902229 -3.80398416519
v 7.40564489365 -4.10302734375 -5.3169836998
v 8.17570114136 -3.83403635025 -4.2903547287
v 6.84996795654 0.28925716877 -7.27687549591
v 6.34210777283 0.83788728714 -7.68353700638
v 6.52682685852 1.69353842735 -7.38214302063
v 4.35960006714 2.83601951599 8.54183197021
v 3.56541800499 2.4293525219 9.02224731445
v 5.95403289795 0.806961894035 7.99358701706
v 6.23006248474 1.85837316513 7.59821987152
v 5.52212190628 -1.19352185726 8.25089740753
v 5.67427778244 -1.81914794445 8.03032112122
v 9.610871315 -0.655208230019 2.67786765099
v 9.34158802032 -0.837851405144 3.46470332146
v 4.47826242447 -4.94780397415 7.44656467438
v 5.09453058243 -4.05455684662 7.58906173706
v 4.95480728149 -2.29716706276 8.37662124634
v 4.54905796051 -3.09485292435 8.34996986389
v 3.31679558754 -9.33532428741 1.34724128246
v 2.4631550312 -9.61152553558 1.23206543922
v 2.25632357597 -9.73584747314 0.295034617186
v -1.19956552982 -2.050126791 9.71490192413
v -0.00956100132316 -1.98557138443 9.80177211761
v 2.25712585449 -1.95558238029 9.54408550262
v 1.93376040459 -2.77545380592 9.41086864471
v 0.773272514343 -2.9311504364 9.53003311157
v 0.535257816315 -3.92305135727 9.18321990967
v -7.11213445663 0.136822775006 7.03148317337
v -7.32635211945 -0.247120961547 6.80482149124
v -7.17569637299 -0.777951478958 6.92419624329
v -5.76902866364 1.52952861786 8.02640247345
v -5.61461257935 2.22630572319 7.97278213501
v 1.0142891407 -7.13111925125 6.93618011475
v 0.385734409094 -6.81039094925 7.31205368042
v -9.16808700562 -0.186613947153 -3.99188303947
v -8.80822753906 -0.647134721279 -4.69210529327
v -8.77990627289 -1.36675465107 -4.58942699432
v -8.38533115387 -1.63631677628 -5.19833278656
v -9.94607543945 -1.03289008141 -0.204471349716
v -9.89233970642 -1.28219592571 -0.727011263371
v -9.86717319489 -1.01199090481 -1.28261947632
v -6.99993085861 -7.09396362305 -0.824783921242
v -6.90953540802 -7.21307468414 -0.483345717192
v -1.71960937977 -5.60861349106 -8.0967798233
v -1.20768558979 -5.92953014374 -7.95934391022
v -1.27557718754 -6.36698293686 -7.60284519196
v -3.23219871521 -8.48704051971 -4.18342065811
v -4.03556394577 -8.36869812012 -3.69614815712
v -4.62014055252 -7.88793373108 -4.05214595795
v -2.86504530907 8.95514392853 -3.40952515602
v -2.29347085953 9.29333972931 -2.89859437943
v -2.3057641983 5.39469909668 -8.098487854
v -2.84700083733 5.60760879517 -7.77544116974
v -2.81313729286 6.41082763672 -7.14138364792
v 3.91281890869 9.14826202393 -1.00419187546
v 4.44373035431 8.88104152679 -1.17749738693
v 4.49855518341 8.76174068451 -1.73182153702
v 2.91145730019 7.64974069595 -5.74477767944
v 2.04157233238 7.63926506042 -6.12155866623
v 1.4228862524 8.09239196777 -5.70026254654
v -2.05659937859 6.02977466583 7.71070098877
v -2.6827814579 5.98296499252 7.55323123932
v -3.23740291595 5.21357822418 7.89828920364
v -9.81173992157 1.6385383606 -1.04076051712
v -9.39510536194 2.87782883644 -1.8677175045
v -8.97459125519 4.16770553589 -1.45886778831
v -8.73917198181 4.85885047913 -0.252423644066
v -8.84774112701 4.51046419144 1.19215965271
v -8.37681007385 5.18385028839 1.73385715485
v 3.78686904907 -9.21835613251 0.802081346512
v 4.35304355621 -8.93994140625 1.04380679131
v 4.36648511887 -8.84665679932 1.62269115448
v -6.57339000702 -7.52339458466 -0.436825931072
v -6.42733001709 -7.65993022919 0.13053599
v -6.76346492767 -7.34470939636 0.562199473381
v -1.63674926758 5.63230752945 -8.09945774078
v -1.41448688507 5.18912935257 -8.43044281006
v -1.77090167999 4.81871128082 -8.58160972595
v -1.65098333359 5.60893344879 8.11511421204
v -1.14333701134 5.90295362473 7.99296951294
v -1.19044947624 6.32905387878 7.65285110474
v -8.73647499084 -0.556478023529 4.83798837662
v -8.30438041687 -1.02569377422 5.47956132889
v -7.84327888489 -0.761419832706 6.15988922119
v -7.67922210693 -0.117263168097 6.40770149231
v -5.97741985321 8.01555728912 -0.255701959133
v -5.6533074379 8.21176338196 0.808079123497
v -4.8740067482 8.66182231903 1.12338411808
v -4.25955057144 9.00797653198 0.869382143021
v 6.127202034 -7.81972265244 -1.12339270115
v 5.3761882782 -8.372423172 -0.976395368576
v 5.00294876099 -8.52273464203 -1.51241254807
v 4.50495767593 -8.81758117676 -1.38231992722
v 4.89297819138 -8.7137298584 -0.293748348951
v 4.88461732864 -8.69847869873 0.66022002697
v 5.3946480751 -8.32709312439 1.23155593872
v 6.18837165833 -7.76270961761 1.18423211575
v 1.45292425156 -4.58809280396 -8.76353549957
v 0.486242115498 -4.513422966 -8.90826320648
v 0.260865241289 -3.91506195068 -9.19623088837
v -0.370975255966 -3.87451052666 -9.20974254608
v -0.306888580322 -4.9713602066 -8.66937828064
v -0.578300178051 -5.75816106796 -8.15327262878
v -0.162273615599 -6.35213661194 -7.71936035156
v 0.765797019005 -6.5365819931 -7.52646493912
v 1.68024837971 4.3103685379 -8.86469554901
v 1.74387454987 4.92909097672 -8.52353286743
v 2.27300024033 5.5766582489 -7.98267841339
v 3.12185168266 5.58110618591 -7.68711233139
v -0.0762841254473 5.61162376404 -8.27651500702
v -0.798855662346 5.09671449661 -8.56637001038
v -0.877895474434 4.39039802551 -8.94139099121
v -0.333259224892 3.78059744835 -9.251288414
v 2.07374477386 4.96997356415 8.42764186859
v 1.69562256336 4.36370134354 8.83797550201
v 1.70569992065 3.31522274017 9.28034114838
v 2.63422489166 2.50210595131 9.31770038605
v -0.344841122627 4.92423820496 8.69876670837
v -0.560837626457 5.72058725357 8.18521690369
v -0.135129362345 6.30499744415 7.76307201385
v 0.731859624386 6.48492527008 7.57915306091
v 6.13365840912 7.81059169769 1.17272746563
v 5.37468624115 8.37586593628 0.98181271553
v 4.98067378998 8.53564167023 1.53141713142
v 4.46488428116 8.8432264328 1.36896514893
v 4.90192365646 8.71335124969 0.236528366804
v 4.92360258102 8.67217922211 -0.745814800262
v 5.42549848557 8.29689121246 -1.31382191181
v 6.20890903473 7.73655033112 -1.26153004169
v 1.52901721001 -5.4470334053 8.24561309814
v 1.00086438656 -5.64620399475 8.19256401062
v 1.02546572685 -6.08187294006 7.87125253677
v 0.431495279074 -6.3574848175 7.70678806305
v -3.58779621124 -9.32445049286 0.412307083607
v -3.72303581238 -9.27628421783 -0.27610424161
v -3.42786741257 -9.31276702881 -1.22693312168
v -2.64490556717 -9.50261211395 -1.63821053505
v -5.42966175079 -8.38405990601 -0.470457494259
v -5.93840360641 -8.0414056778 0.265983343124
v -5.80613517761 -8.06403446198 1.123021245
v -5.20736455917 -8.38305473328 1.61456990242
v -4.14976930618 -9.09639644623 -0.155027002096
v -4.73389387131 -8.78524589539 -0.632972180843
v -4.58293581009 -8.78917121887 -1.31755435467
v -5.04905128479 -8.47625637054 -1.62813389301
v -4.24326181412 -8.57533073425 -2.90566015244
v -3.72477173805 -8.97440910339 -2.3598139286
v -3.89606738091 -9.06208324432 -1.63830566406
v -4.98026609421 -8.30272006989 -2.50012993813
v -5.53399753571 -7.78669643402 -2.95525217056
v -5.22455453873 -7.68006134033 -3.70262002945
v -6.06268787384 7.7426738739 -1.82613706589
v -5.57536458969 8.22500324249 -1.14270436764
v -4.56683492661 8.80106258392 -1.31300592422
v -4.03150367737 9.11394405365 -0.849511384964
v 1.26973676682 4.98007297516 -8.57764816284
v 0.76713514328 5.55852842331 -8.27694797516
v 1.07769358158 6.06408309937 -7.87783575058
v 0.595933258533 6.46054267883 -7.60950756073
v 1.7236020565 7.15861701965 -6.76620721817
v 2.19389367104 6.56083679199 -7.22052192688
v 1.88222575188 6.07394981384 -7.71729469299
v 0.833012223244 7.12607240677 -6.96606445312
v 0.211043536663 7.65627288818 -6.4298415184
v 0.698382854462 8.07404899597 -5.85906505585
v -8.36312484741 -0.400658756495 -5.46940279007
v -8.06264972687 0.387298196554 -5.90428304672
v -8.11657619476 1.17248809338 -5.72417545319
v -8.48820114136 1.66001880169 -5.02184247971
v 9.95513343811 -0.25718870759 0.891053557396
v 9.82206535339 -0.439036667347 1.81692838669
v 9.68213844299 -0.990850329399 2.28941059113
v 9.53330993652 -1.8788561821 2.35607290268
v 9.58150863647 -2.41353654861 1.5267843008
v 9.12869930267 -3.62371945381 1.86978030205
v 8.85092449188 -3.9691157341 2.42263579369
v 7.57076644897 -5.92650222778 -2.7402613163
v 6.94091129303 -6.75166130066 -2.48763990402
v 6.38147926331 -7.1168718338 -2.92854547501
v 6.1201543808 -6.83947324753 -3.96410894394
v 4.86996507645 -7.46019077301 -4.53644418716
v 4.27157497406 -8.03600215912 -4.13861560822
v 4.15227985382 -8.40298271179 -3.47868084908
v 4.45925092697 -8.56747436523 -2.58200144768
v 5.19449281693 -8.27125453949 -2.13448834419
v 5.9638915062 -7.6912779808 -2.28629970551
v 2.56068611145 -7.57255840302 6.00686168671
v 1.7586684227 -7.37225818634 6.52263450623
v 1.01469326019 -7.47416448593 6.56488180161
v 0.219097197056 -7.8282699585 6.21785259247
v 0.325878918171 -8.45817565918 5.32356071472
v -1.14501774311 -8.63329696655 4.91388750076
v -1.91973519325 -8.37927722931 5.10857439041
v -0.0455808080733 -9.91718482971 -1.27138197422
v -0.691896319389 -9.82308292389 -1.73173832893
v -1.50326669216 -9.80804729462 -1.23174440861
v 1.81848812103 -9.09892559052 -3.72309470177
v 0.68147200346 -9.58745193481 -2.75321555138
v -0.518998920918 -9.57919597626 -2.81740236282
v -1.5860837698 -9.06990528107 -3.89770483971
v -2.59057807922 -8.99056625366 -3.52623701096
v -2.99558854103 -9.18639659882 -2.57205510139
v 0.736783564091 -7.22880268097 -6.8674788475
v 0.0534103959799 -7.46320295334 -6.65287876129
v -1.1068508625 -7.63260364532 -6.36284160614
v -0.5822083354 -7.28967285156 -6.818151474
v -0.70775604248 -6.67792415619 -7.40747737885
v 4.06473922729 -8.9054145813 -2.03138780594
v 3.18351221085 -9.23004817963 -2.15140318871
v 2.90271377563 -9.01811313629 -3.1943936348
v 4.12643194199 -3.48624134064 -8.41272640228
v 3.13449215889 -3.58793282509 -8.78973484039
v 2.69099164009 -3.04352068901 -9.13540649414
v 3.07497882843 -2.01058888435 -9.29856395721
v 2.026086092 -1.01009988785 -9.73866462708
v 1.18289446831 -0.965253591537 -9.88123703003
v 0.285855025053 -1.58772325516 -9.86756229401
v 0.133585095406 -2.68355870247 -9.63068199158
v 0.763904452324 -3.39121627808 -9.37452602386
v 1.78409552574 -3.5138092041 -9.18869590759
v -0.618398785591 -3.08760380745 -9.48976230621
v -1.58195137978 -2.64415693283 -9.51219844818
v -1.4043340683 -1.50819182396 -9.78423118591
v 5.29724168777 4.10842895508 -7.41855144501
v 4.87771940231 4.77445316315 -7.30691480637
v 4.06849861145 4.76898097992 -7.79002666473
v 7.15309333801 4.88485860825 -4.99473142624
v 6.17601394653 4.83499193192 -6.20131063461
v 5.23003721237 5.49238061905 -6.51625823975
v 4.45160531998 6.75304031372 -5.87951755524
v 3.48519492149 6.93967533112 -6.29972076416
v 2.96207618713 6.42598390579 -7.06566810608
v 6.33492660522 7.42376327515 -2.17925834656
v 5.83167600632 7.66359472275 -2.69349479675
v 4.88591051102 8.06451225281 -3.32996797562
v 5.28006362915 8.06374073029 -2.66351079941
v 5.0530667305 8.41590595245 -1.90785455704
v 8.27797889709 2.32879114151 -5.10059738159
v 7.78644180298 2.9782576561 -5.5198059082
v 7.80840682983 3.87529039383 -4.89711999893
v 7.4326543808 6.01221323013 2.93352723122
v 6.88577365875 6.76785326004 2.60428667068
v 6.3723449707 7.099650383 2.99865961075
v 6.16716337204 6.79311656952 3.97814035416
v 5.0620970726 7.2817234993 4.6221818924
v 4.44840669632 7.75880813599 4.47534799576
v 4.04784107208 8.35677528381 3.71440792084
v 4.39638614655 8.57119846344 2.68715929985
v 5.16275310516 8.27718257904 2.2008895874
v 5.9526052475 7.68410682678 2.35083985329
v 3.95964694023 8.94890403748 2.06252408028
v 2.97873902321 9.3053188324 2.13509440422
v 2.64288640022 9.08850193024 3.23077893257
v -0.194377169013 0.855925679207 9.96273326874
v -0.65837687254 1.4719568491 9.8706407547
v -1.43150293827 1.4194381237 9.79633522034
v -0.950694799423 2.86325740814 9.53581905365
v -1.82992005348 2.70406365395 9.45388412476
v -1.8831281662 1.91426944733 9.63453578949
v -8.58098506927 -1.87859201431 4.78277444839
v -8.2528219223 -1.72800016403 5.37986087799
v -7.7169303894 -2.32185816765 5.92398023605
v -6.75370836258 -2.68291449547 6.87187290192
v -7.35021209717 -2.06540036201 6.46101617813
v -7.47238016129 -1.20505583286 6.53839921951
v -5.35276412964 -8.11795711517 2.33425498009
v -4.6207857132 -8.2851858139 3.1630461216
v -4.60723638535 -7.80472135544 4.22662162781
v -6.82590198517 -6.19232654572 3.8831307888
v -5.50541639328 -6.88738059998 4.71869325638
v -4.89791154861 -6.46036481857 5.85555124283
v -5.0207862854 -5.54475355148 6.63819360733
v -4.42200469971 -5.6396894455 6.9754076004
v -9.90546512604 -1.32717680931 0.392258316278
v -9.9147310257 -0.906126856804 0.955554246902
v -9.68867301941 -1.26275110245 2.13823270798
v -9.52721405029 -0.379757642746 3.0214099884
v -9.22856235504 -0.370379924774 3.83904218674
v -8.90973377228 -0.921393156052 4.45063734055
v -7.83938407898 -4.75690078735 3.99256134033
v -8.43127822876 -4.33022546768 3.19198989868
v -8.44236469269 -4.85942411423 2.26604557037
v -8.0264377594 -5.64608192444 1.92768990993
v -7.52177238464 -6.24113941193 2.11800885201
v -6.75469970703 7.23896598816 1.4212859869
v -6.0645570755 7.81620693207 1.47510886192
v -5.63295841217 7.94271707535 2.28726577759
v -4.71072626114 8.26811027527 3.08145666122
v -5.02860832214 8.31641483307 2.36599516869
v -4.67850208282 8.66753768921 1.74104833603
v -7.09203004837 6.72462844849 2.12898421288
v -7.599588871 6.13361263275 2.16226744652
v -7.98013591766 5.84753370285 1.47414755821
v -7.80203342438 6.23503112793 0.54797744751
v -7.25939369202 5.87727403641 3.57918167114
v -7.73500823975 5.71028423309 2.7592318058
v -8.22970581055 5.05540943146 2.60104036331
v -8.49720954895 4.22109746933 3.16707134247
v -8.32393264771 3.86319804192 3.97978258133
v -8.18455886841 2.54479598999 -5.15385341644
v -7.73960971832 2.63476109505 -5.76011133194
v -6.98505878448 2.52165865898 -6.69830703735
v -7.49353313446 2.2180826664 -6.24069452286
v -7.70128440857 1.42099022865 -6.22002792358
v 8.95128440857 -3.97547197342 -2.00531697273
v 8.43298149109 -4.72501373291 -2.55122041702
v 7.58012676239 -5.48720312119 -3.51861429214
v 8.10346794128 -4.70533657074 -3.48458957672
v 7.54391098022 -6.53595495224 -0.568440020084
v 8.16132164001 -5.67159414291 -1.08501029015
v 8.09774303436 -5.46120071411 -2.13345217705
v 8.21784973145 -5.48496675491 1.52968192101
v 7.54722499847 -6.41906261444 1.33874213696
v 7.30703687668 -6.81358242035 0.370136141777
v 6.76208972931 -7.35787725449 0.301289021969
v 6.66380834579 -7.43013954163 -0.582887470722
v 9.25737476349 -3.1288087368 -2.11276268959
v 9.27196121216 -2.37044167519 -2.89209580421
v 8.79560947418 -2.56797647476 -3.99922657013
v 8.71676921844 -1.50470066071 -4.65903949738
v 9.82909679413 -1.80696988106 0.288403987885
v 9.7529335022 -2.03907728195 -0.823970556259
v 9.40136051178 -3.08647012711 -1.42881429195
v 9.07321834564 -3.98726177216 -1.31557917595
v 8.70125389099 -4.89823961258 -0.498411357403
v 8.86407375336 -4.32456445694 1.63870358467
v 8.64858150482 -4.93501901627 0.896639347076
v 9.82098579407 -1.2981814146 -1.34910297394
v 9.58434104919 -1.31672465801 -2.52226638794
v 9.42109775543 -0.34310811758 -3.32894062996
v 9.15565490723 -0.236080616713 -4.00931406021
v 5.74493265152 -4.24372529984 -6.99550151825
v 5.25115442276 -3.76502966881 -7.62903118134
v 4.67944478989 -2.78418827057 -8.38489055634
v 5.41580486298 -2.90518212318 -7.88558197021
v 3.10203146935 -5.30972909927 -7.88284730911
v 4.07643461227 -4.9829325676 -7.64892578125
v 4.50656557083 -4.08769512177 -7.93315267563
v 1.81918787956 -8.40705394745 -5.0960316658
v 2.56130480766 -7.92657136917 -5.52850341797
v 3.49127793312 -7.8604054451 -5.09685707092
v 3.82719516754 -8.15888977051 -4.32871246338
v 3.60544323921 -8.56070423126 -3.69715237617
v 6.36958265305 -4.15645885468 -6.48859834671
v 6.9580783844 -3.57734394073 -6.22394561768
v 6.99736452103 -2.38502573967 -6.73055267334
v 7.6286149025 -1.38418126106 -6.31201934814
v 8.33463954926 -1.16141712666 -5.39799785614
v 6.92814540863 -5.77181005478 -4.31683921814
v 6.93111562729 -4.86634731293 -5.31287240982
v 6.31207227707 -4.61813163757 -6.22733926773
v 5.57770586014 -4.80752372742 -6.76217222214
v 4.56493091583 -5.46960926056 -7.01399230957
v 4.1378159523 -7.31645584106 -5.41288566589
v 3.90665912628 -6.57114458084 -6.44282627106
v 4.9134812355 3.4596118927 -7.99136257172
v 5.31690597534 2.54303002357 -8.07665252686
v 6.1098279953 2.38729763031 -7.54569482803
v 2.00432896614 3.54326868057 -9.13286590576
v 3.18981695175 3.12743711472 -8.94541454315
v 4.09217214584 3.78632164001 -8.30025291443
v 1.13461232185 1.18224096298 -9.86362361908
v 0.618088066578 2.26526856422 -9.71946239471
v 1.09028303623 3.22316622734 -9.40242671967
v 0.689255356789 3.79455089569 -9.22566890717
v 1.19980359077 4.33990526199 -8.92819786072
v 4.44024896622 -1.87542557716 -8.75927257538
v 5.44433498383 -0.855182766914 -8.34181976318
v 5.5780954361 0.565368413925 -8.27810192108
v 4.80359363556 1.67200517654 -8.60795307159
v 3.41586828232 1.94420981407 -9.19365882874
v 1.80551981926 -0.107409894466 -9.83354568481
v 2.13003182411 1.00900268555 -9.71685123444
v 9.08010196686 0.378552764654 -4.16730594635
v 8.79549789429 0.618007302284 -4.7133564949
v 8.68222332001 1.30345225334 -4.78337240219
v 8.35269641876 1.57543122768 -5.26421642303
v 8.06028175354 0.455104649067 -5.8976817131
v 8.49816131592 0.173192128539 -5.26386165619
v 8.60110855103 -0.583567202091 -5.06313228607
v 8.83196926117 -0.772988319397 -4.62097215652
v 5.99868869781 3.96139097214 -6.9495382309
v 6.45217990875 3.03014373779 -7.01114225388
v 7.13030338287 2.58676123619 -6.51409053802
v 7.07198524475 1.81701529026 -6.82998561859
v 7.48115301132 1.12786734104 -6.5361084938
v 7.98018884659 1.06799423695 -5.92754983902
v 7.32240200043 0.518013954163 -6.78769493103
v 7.60234355927 0.134483665228 -6.49180793762
v 7.37463092804 -0.579925715923 -6.72562646866
v 6.23422765732 -2.17731165886 -7.5064702034
v 6.21117687225 -1.16690433025 -7.74695968628
v 6.8301076889 -0.493826270103 -7.2843837738
v 9.72567081451 -0.145674973726 2.31503987312
v 9.66181659698 0.665691614151 2.48563480377
v 9.39843845367 0.873839855194 3.29870557785
v 9.21983337402 1.53927266598 3.55023026466
v 9.18567562103 2.38642692566 3.14781546593
v 8.85109710693 3.0783457756 3.48801851273
v 8.60029411316 3.23687505722 -3.94030213356
v 8.60769939423 2.44367623329 -4.46103811264
v 8.8768529892 1.63989543915 -4.29816675186
v 9.21124267578 1.19152390957 -3.70056724548
v 9.25197696686 0.692558586597 -3.72566413879
v 9.40213394165 0.523828864098 -3.35925507545
v 5.93131923676 4.08948421478 6.93553352356
v 5.39454460144 3.48265480995 7.66668224335
v 4.84432172775 2.37029123306 8.42157363892
v 5.50984621048 2.55937838554 7.94334888458
v 2.86122179031 5.37083148956 7.93667888641
v 4.11990261078 4.89160680771 7.68864917755
v 4.66391038895 3.76694178581 8.00439739227
v 3.41201877594 7.12753486633 6.13012361526
v 2.42938327789 6.90159893036 6.81855201721
v 2.2806763649 6.10636520386 7.58534908295
v 1.58205461502 5.9501376152 7.88178110123
v 1.64006662369 5.24275493622 8.35775756836
v 6.58318424225 4.00523138046 6.37353229523
v 7.21685504913 3.2722659111 6.09969997406
v 7.14603996277 2.15542984009 6.65459918976
v 7.79628372192 1.37985086441 6.1076631546
v 6.89659404755 5.85676336288 4.25870656967
v 7.03420543671 5.04747915268 5.00430870056
v 6.48664474487 4.61684799194 6.0507516861
v 5.76628923416 4.74737739563 6.64982509613
v 4.76553726196 5.47832250595 6.87690162659
v 4.5283074379 7.18525505066 5.28040409088
v 4.26479911804 6.63949871063 6.14378595352
v 7.56950044632 4.56960916519 4.67091417313
v 7.81909370422 3.59368133545 5.09319496155
v 8.46988773346 2.83679056168 4.49456310272
v 8.61104774475 1.85272240639 4.73307514191
v 5.70232439041 -0.549687683582 8.19621944427
v 6.21076107025 -0.0911929830909 7.83666992188
v 6.9622592926 -0.484961926937 7.16111564636
v 7.51029920578 -0.214681237936 6.59822463989
v 7.88475513458 0.589335024357 6.12130451202
v 8.95356082916 1.34334373474 4.2438249588
v 8.97030162811 0.68800842762 4.36343479156
v 9.20564365387 0.36445993185 3.88582324982
v 9.1787776947 -0.396493554115 3.94553494453
v 8.62312602997 -0.480808973312 5.03877782822
v 8.64650821686 0.287116825581 5.01360654831
v 8.29044914246 0.757322669029 5.53891563416
v 8.24816513062 1.28535950184 5.50471305847
v 8.62348842621 -3.8683719635 3.26130771637
v 8.73813438416 -3.15922260284 3.69214129448
v 9.184633255 -2.16262030602 3.3065776825
v 9.15426826477 -1.44942617416 3.75094556808
v 8.83741664886 -1.27877998352 4.49880456924
v 8.89568424225 -0.747915863991 4.50368499756
v 8.36283493042 -1.67935073376 5.21723175049
v 8.23847007751 -0.984579086304 5.58016443253
v 7.63759326935 -0.793066740036 6.40491247177
v 6.14195203781 -3.95563411713 6.82726669312
v 6.92847490311 -2.90725588799 6.5974111557
v 6.62825679779 -1.94206380844 7.2306060791
v 7.07143115997 -1.08069360256 6.98672103882
v 8.71438407898 3.95673656464 2.89650940895
v 8.18206787109 4.86648511887 3.05974197388
v 7.39488792419 5.64457988739 3.66767024994
v 7.73790168762 5.05710792542 3.81384444237
v 7.56238365173 6.49527740479 0.783729493618
v 8.08755111694 5.7134552002 1.39202105999
v 7.9390463829 5.55265045166 2.47629213333
v 7.25289916992 5.78464317322 -3.73020505905
v 7.76247406006 5.59692668915 -2.89810562134
v 8.35747432709 4.71228170395 -2.8148059845
v 8.5163860321 4.00031995773 -3.38242340088
v 8.3165845871 3.74887275696 -4.09278774261
v 9.95938396454 0.568776667118 0.673643827438
v 9.74924659729 1.25813388824 1.82793307304
v 9.3873872757 2.52162480354 2.34447312355
v 8.99956035614 3.84666514397 2.04786634445
v 8.62293815613 4.97745084763 0.924420237541
v 8.73733139038 4.42807292938 -2.00674057007
v 8.49593734741 5.21886777878 -0.751223325729
v 9.96414089203 -0.804864048958 0.172157719731
v 9.96602535248 -0.514658391476 -0.611551165581
v 9.95509147644 0.601554393768 -0.705541789532
v 9.62597751617 1.6936994791 -2.10629463196
v 9.44797992706 1.13454306126 -3.06754636765
v 1.9703476429 -5.84750366211 7.86886262894
v 2.62274932861 -5.8268904686 7.69157648087
v 3.25248074532 -5.14320278168 7.93478727341
v 1.60868430138 -7.06648445129 6.88963508606
v 1.9820343256 -6.58764266968 7.25709962845
v 1.69468402863 -6.18575143814 7.67194080353
v 7.2637462616 -4.96597957611 4.74840831757
v 6.20673465729 -4.91476631165 6.10729646683
v 5.0458984375 -5.5978937149 6.57141113281
v 4.23485517502 -6.81267642975 5.96929693222
v 3.18825674057 -6.95791482925 6.43475151062
v 2.6261267662 -6.51317453384 7.11832332611
v 2.76985168457 -8.1411857605 5.10173177719
v 4.41326522827 -7.58548212051 4.7913479805
v 3.71628713608 -8.12157535553 4.49477863312
v 5.86617469788 -7.67811822891 2.56849575043
v 5.25347471237 -8.09991073608 2.59927940369
v 5.00443029404 -8.46095848083 1.82475781441
v 8.69094467163 -4.46010255814 2.12964296341
v 8.35392665863 -4.99093914032 2.29411530495
v 8.22014904022 -4.40217924118 3.60773134232
v 8.03084468842 -5.0167965889 3.20952796936
v 7.42319154739 -5.6035451889 3.66905069351
v 6.82036542892 -6.66704463959 2.99936199188
v 5.95315265656 -7.39638710022 3.13335371017
v 5.08375835419 -7.73918199539 3.77208852768
v -0.210870444775 -9.99063301086 -0.338221728802
v 0.563923716545 -9.97744369507 0.320861726999
v 1.48485088348 -9.88723945618 -0.0635640025139
v -3.02940607071 -9.47009658813 1.06144976616
v -1.78699505329 -9.79386234283 0.931580424309
v -1.15763521194 -9.92960453033 -0.19604665041
v -2.88701725006 -8.91718482971 3.48458981514
v -3.7240281105 -8.84495735168 2.80953073502
v -3.73058223724 -9.11189460754 1.74586391449
v -4.29578876495 -8.93663311005 1.29468417168
v -4.02920866013 -9.1343126297 0.565675497055
v -2.21286153793 -8.6181974411 4.56335830688
v -2.90431833267 -8.55959796906 4.27721643448
v -3.66186237335 -8.01982021332 4.71963500977
v -3.4017906189 -7.59683895111 5.54253911972
v -4.03176021576 -6.84668064117 6.07267999649
v 1.79704892635 -8.71799945831 4.55482196808
v 2.3535926342 -9.16485977173 3.23091959953
v 1.74000549316 -9.646900177 1.9699048996
v 0.414662271738 -9.88349056244 1.45550227165
v -1.10532450676 -9.75094890594 1.91783976555
v -1.74166727066 -8.86510372162 4.28576517105
v -1.92247343063 -9.25417900085 3.26384353638
v 0.756071448326 -9.83843708038 -1.61215400696
v 1.59823775291 -9.82160186768 -0.972492456436
v 2.55267763138 -9.60487365723 -1.09135127068
v 2.83595371246 -9.58350086212 -0.274990707636
v 3.67841291428 -9.29674053192 0.00105427368544
v 4.35175323486 -8.9833278656 -0.565039694309
v 4.78793716431 -8.122590065 3.32660865784
v 4.00418615341 -8.40650081635 3.6424164772
v 3.35185670853 -8.95033359528 2.93696022034
v 3.69769072533 -9.07143688202 2.00036597252
v -0.41806986928 2.15017652512 9.75870990753
v 0.270959824324 2.16701030731 9.76005268097
v 0.764737546444 3.09084200859 9.48103427887
v -0.334269523621 -0.11109431833 9.99500846863
v 0.286714076996 -0.961368262768 9.95053005219
v 1.41073894501 -0.730750441551 9.8737859726
v 3.49283456802 -2.28403377533 9.08764266968
v 4.51885557175 -1.92201423645 8.71115016937
v 5.14629220963 -1.15870010853 8.49533843994
v 5.40135478973 -0.358550429344 8.40806865692
v 5.32907867432 0.699518024921 8.43289661407
v 4.61816644669 1.648660779 8.71565055847
v 3.59902381897 1.93883883953 9.12696933746
v 2.6340265274 1.72511506081 9.49227619171
v 1.50386548042 0.759085357189 9.858086586
v 0.594740450382 1.2522585392 9.90467834473
v 3.58173418045 -2.95655345917 8.85602283478
v 2.69955515862 -3.42901587486 8.99753570557
v 2.52491641045 -4.47901058197 8.57678985596
v 1.66468167305 -4.83817100525 8.59192562103
v -6.11550235748 -2.55769395828 7.48942756653
v -6.08433151245 -1.81469964981 7.72806739807
v -6.66664505005 -0.898894190788 7.40182828903
v -6.6641368866 -0.161216333508 7.45685768127
v -6.19550991058 0.345970332623 7.84461736679
v -6.27563238144 1.05410814285 7.71682262421
v -4.98139476776 -2.73774147034 8.22922992706
v -5.47279644012 -3.1522564888 7.75506591797
v -5.20395803452 -4.19991970062 7.43667030334
v -5.70309829712 -4.40478658676 6.93521213531
v -6.68954658508 -3.43790173531 6.59249591827
v -7.540974617 -3.13525605202 5.77374649048
v -8.00166130066 -3.64381027222 4.76720333099
v -4.08095216751 -2.99234986305 8.62660598755
v -3.8469285965 -2.20035028458 8.96595954895
v -2.48400568962 -2.11452674866 9.45429611206
v -1.78335618973 -2.62373399734 9.48456287384
v -1.71225237846 -3.68094301224 9.13980579376
v -1.07850575447 -4.19705724716 9.01302719116
v -0.115440189838 -4.30540084839 9.02549171448
v -1.62519693375 -1.47260820866 9.75780487061
v -1.28642320633 -0.237747952342 9.91543388367
v -1.68182456493 0.938847303391 9.81436824799
v -2.39898562431 1.64560127258 9.56936359406
v -3.55821347237 2.12629699707 9.10265636444
v -4.61922025681 1.87911748886 8.67031002045
v -5.32699728012 1.13247644901 8.38945579529
v -5.51703977585 0.019341064617 8.34276390076
v -4.97788858414 -1.38268971443 8.56406211853
v -5.35870170593 -1.96756112576 8.21257019043
v -0.301187187433 -5.64839410782 8.24677371979
v 0.326350092888 -5.35814857483 8.43724250793
v 0.388201117516 -4.73071241379 8.80201053619
v 0.806370973587 -4.50843143463 8.88981628418
v -2.44859814644 -7.79742050171 5.7623705864
v -1.98398065567 -7.3053894043 6.53428888321
v -0.6883238554 -7.36396217346 6.7302031517
v -0.318278253078 -6.866792202 7.26254177094
v -0.633093833923 -6.31391859055 7.72891283035
v -0.186511337757 -6.13094091415 7.89800739288
v -1.45216369629 -5.88805580139 7.95168018341
v -1.07142710686 -5.39905071259 8.34927654266
v -1.4667776823 -4.60623788834 8.75465106964
v -4.36747789383 -4.97354221344 7.49722957611
v -3.44148206711 -4.98340511322 7.95857810974
v -3.22641468048 -4.09262895584 8.5358543396
v -2.15094280243 -4.12060451508 8.85499668121
v -8.39391708374 -3.09791660309 -4.46728467941
v -8.88959884644 -2.66926789284 -3.72375941277
v -9.08195018768 -1.75325679779 -3.8031206131
v -9.41913890839 0.345711767673 -3.34485173225
v -9.36625289917 -0.314302921295 -3.49282598495
v -9.41937637329 -1.20733463764 -3.13711500168
v -9.67217159271 -1.44681203365 -2.09340119362
v -8.07965183258 -4.58398246765 -3.7032828331
v -8.05157375336 -3.94773244858 -4.42668628693
v -7.52429485321 -4.12086439133 -5.13880872726
v -8.49372005463 -4.39726400375 -2.92106890678
v -9.06523323059 -3.11902785301 -2.84797668457
v -9.57853984833 -2.16785860062 -1.89117479324
v -9.7963142395 -1.87632584572 -0.735206484795
v -9.76852607727 -2.11749744415 0.350369602442
v -8.80785655975 -4.50083827972 1.47889184952
v -9.40319156647 -3.09136486053 1.43266367912
v -7.65627193451 -5.30276918411 -3.64234399796
v -7.56831789017 -5.77915287018 -3.05387973785
v -8.1116771698 -5.41798257828 -2.20349526405
v -8.0410861969 -5.90820884705 -0.667214155197
v -7.41301441193 -6.68971586227 -0.549398899078
v -7.99716567993 -5.82706832886 1.45148456097
v -8.34630298615 -5.45270729065 0.790066003799
v -6.86318159103 -6.54996204376 -3.16131877899
v -6.37103462219 -7.27641248703 -2.54175567627
v -6.57872486115 -7.38986206055 -1.45261263847
v -6.26440382004 -7.73299789429 -0.978128910065
v -5.62745094299 -8.20101928711 -1.03442203999
v -7.58643054962 -6.33608722687 1.52101111412
v -7.14591741562 -6.91855239868 1.03850960732
v -7.03345155716 -7.09351205826 0.468417972326
v -7.15001010895 -6.98960876465 -0.169487640262
v -1.83045089245 -7.59368610382 -6.24146986008
v -2.22417330742 -6.97903442383 -6.80577421188
v -1.91816234589 -6.46774864197 -7.37972068787
v -8.11605358124 -2.56563997269 -5.24951267242
v -7.45966148376 -2.91173243523 -5.99002170563
v -7.2947511673 -3.71992540359 -5.74034357071
v -4.62897968292 -3.37482309341 -8.19581317902
v -4.60816335678 -4.01856613159 -7.91220283508
v -2.17542719841 -6.02585601807 -7.67655467987
v -2.840082407 -5.92239379883 -7.53890943527
v -3.42126441002 -4.8419713974 -8.05172252655
v -2.94495916367 -8.10124588013 -5.06685209274
v -2.1371986866 -8.03774547577 -5.54969072342
v -1.51245975494 -8.43541240692 -5.15032434464
v -0.869003891945 -8.00196075439 -5.93127727509
v 0.0929531827569 -7.85198402405 -6.18874788284
v 1.07913291454 -7.98557090759 -5.91824769974
v -2.89176869392 -6.89439630508 -6.63931322098
v -3.51162338257 -7.55530738831 -5.52850151062
v -4.5549082756 -7.64185619354 -4.56499576569
v -5.47016239166 -7.28993797302 -4.11386442184
v -6.55027151108 -6.48795938492 -3.8725810051
v -7.16129589081 -5.50128173828 -4.2956199646
v -7.21966362 -4.59473752975 -5.17360544205
v -6.78450489044 -4.09282684326 -6.10067749023
v -5.75711154938 -3.81832265854 -7.22976160049
v -5.69003915787 -3.23706531525 -7.55902576447
v -4.2248878479 -1.94338130951 -8.85228061676
v -3.85586357117 -2.86212778091 -8.77075004578
v -2.74456787109 -3.36038351059 -9.00858592987
v -2.62824892998 -4.3504076004 -8.61065673828
v -1.73827147484 -4.89296007156 -8.54458045959
v -0.828027367592 -4.57397508621 -8.85225772858
v -5.33717393875 -0.916677355766 -8.4066400528
v -5.00258827209 -1.79246604443 -8.4708108902
v -5.24240016937 -3.04326367378 -7.95284748077
v -5.45952033997 -2.58447766304 -7.96920108795
v -6.9824514389 0.407003879547 -7.14771175385
v -6.51447105408 0.265516877174 -7.58274936676
v -6.27561044693 -0.621517181396 -7.76102685928
v -6.53781366348 2.28912687302 -7.21321773529
v -6.60920095444 1.41575849056 -7.37055778503
v -7.02108955383 0.907727003098 -7.06343746185
v -5.33994197845 2.7237637043 -8.00466918945
v -6.00148296356 2.81165075302 -7.48927974701
v -6.05706357956 3.59044075012 -7.10186767578
v -6.87039756775 3.10066461563 -6.57283496857
v -7.51167392731 3.19048261642 -5.78088951111
v -7.84578609467 3.75733065605 -4.93497896194
v -2.11511278152 -0.742844641209 -9.74460601807
v -3.66319727898 -0.942722439766 -9.25642299652
v -4.57081890106 -0.193033412099 -8.89189434052
v -4.61737823486 1.37719774246 -8.76261997223
v -5.4204492569 1.68093538284 -8.23398971558
v -6.1847243309 1.16655564308 -7.77149677277
v -4.56115722656 3.39029288292 -8.22854042053
v -3.745013237 2.45984768867 -8.9400138855
v -3.8232665062 3.26598548889 -8.64401817322
v -1.47846531868 3.10130119324 -9.39086437225
v -1.87383747101 3.58894252777 -9.14351654053
v -1.52356481552 4.29616880417 -8.90048599243
v 1.21474659443 -0.264567703009 -9.92098617554
v 0.682807743549 0.234932333231 -9.97263336182
v -0.492712855339 -1.08826577663 -9.92715454102
v -0.342685878277 -0.193244248629 -9.99112415314
v -1.21385288239 0.296882748604 -9.92071151733
v -1.15680444241 1.75840997696 -9.77528381348
v -1.80299162865 2.57010579109 -9.49397087097
v -2.72225165367 2.82557034492 -9.1979341507
v -3.80081582069 6.74343395233 -6.33231210709
v -3.7292342186 7.50173187256 -5.4625120163
v -2.40186667442 8.72815608978 -4.25134992599
v -2.51953053474 8.22505950928 -5.1010799408
v -4.7355594635 7.42425918579 -4.74154138565
v -4.89835929871 7.93960046768 -3.60567617416
v -3.99065995216 8.67186832428 -2.98422694206
v -4.05382061005 8.93596935272 -1.9366736412
v -5.92300415039 7.53237819672 -2.86665558815
v -6.60342502594 6.7905921936 -3.21226239204
v -7.17516613007 6.56193399429 -2.3446700573
v -8.24440383911 5.65238523483 -0.354708969593
v -7.97037601471 5.87914562225 -1.39693272114
v -6.67683887482 6.12483644485 -4.23534917831
v -5.46096467972 6.59751224518 -5.1650147438
v -4.87488555908 6.07907581329 -6.26903581619
v -5.16102170944 4.68752002716 -7.16983127594
v -4.39731311798 4.40056085587 -7.8300075531
v -3.45925545692 4.82729482651 -8.04601478577
v -1.48113167286 8.17594718933 -5.56558704376
v -0.984411358833 7.60924053192 -6.41409397125
v -1.64782738686 6.80871963501 -7.13685321808
v -1.17659270763 6.20967388153 -7.74979925156
v -0.229029998183 6.13740348816 -7.89174413681
v -2.58682775497 3.40878367424 -9.03806114197
v -3.16636180878 3.7038807869 -8.73253250122
v -2.99025082588 4.54800319672 -8.38917922974
v -2.37849617004 4.93165397644 -8.36807632446
v 4.24274158478 8.31986904144 -3.57471632957
v 3.79080820084 8.78445148468 -2.9098803997
v 3.96090722084 8.93465709686 -2.11872196198
v -3.57504463196 9.24134731293 -1.36114668846
v -2.6162853241 9.56487083435 -1.30460298061
v -2.1150135994 9.54104709625 -2.12720346451
v 0.513553202152 9.98812675476 0.00806818902493
v 0.76042920351 9.95194149017 -0.63606184721
v 3.62487268448 9.1662273407 -1.68799781799
v 2.99495220184 9.35732650757 -1.86598777771
v 2.15575766563 9.72418689728 -0.900266885757
v 3.22756624222 8.09955883026 -4.89690113068
v 4.00110292435 8.0543012619 -4.37234020233
v 4.58316707611 7.53584241867 -4.71160316467
v 5.12991189957 7.70865011215 -3.77557039261
v 5.91516971588 7.385242939 -3.23429107666
v 6.69963407516 6.70545768738 -3.18413734436
v 3.15647745132 8.9636516571 -3.11386728287
v 2.63299918175 8.59693813324 -4.37772369385
v 1.52248585224 8.40267086029 -5.20415687561
v 0.441076725721 8.42110538483 -5.37588500977
v -0.9123442173 8.57864761353 -5.05868577957
v -1.70263695717 8.93935108185 -4.14860677719
v -1.81565260887 9.34000873566 -3.08116960526
v -1.46909844875 9.65886592865 -2.13912534714
v -0.436096549034 9.93034744263 -1.10689234734
v -0.584258854389 9.97315502167 -0.473461359739
v 0.327400326729 9.86957740784 1.58579897881
v 1.04721069336 9.90371417999 0.919897317886
v 2.25206947327 9.69659042358 0.962194979191
v 2.71432518959 9.62547588348 0.00200460990891
v 3.67780971527 9.29754829407 -0.204258933663
v 4.34122228622 8.99604415894 0.485502541065
v -1.17418909073 9.75507068634 1.86982631683
v -0.472297549248 9.90544033051 1.3008005619
v -0.207446843386 9.9992980957 -0.0107939960435
v -0.59805983305 9.97899913788 0.305165559053
v -3.38470363617 9.23946380615 1.79413771629
v -2.87940430641 9.35932731628 2.03811430931
v -2.20896434784 9.63294696808 1.53813385963
v -4.07550382614 8.49736881256 3.35140252113
v -3.60352349281 8.91584777832 2.75086092949
v -3.70133471489 9.05513858795 2.08536338806
v -3.13627719879 8.35133171082 4.52380561829
v -3.85654211044 8.26648712158 4.10359477997
v -4.42831468582 7.75088882446 4.51248836517
v -4.9883556366 7.91945409775 3.52811455727
v -5.84735202789 7.57687854767 2.90674114227
v -6.73604869843 6.79229640961 2.92253160477
v 1.68654632568 9.17282295227 3.61153268814
v 0.403035610914 9.60814094543 2.74834632874
v -0.794078409672 9.54025745392 2.89649558067
v -1.65688824654 8.98760890961 4.0643196106
v -2.59129214287 8.88793468475 3.78594779968
v -3.04065942764 9.07323074341 2.91111373901
v -2.79329037666 7.92051029205 5.43217134476
v -1.46082770824 8.35868263245 5.29526901245
v -2.02201414108 7.91261577606 5.77454423904
v 0.173726812005 7.38680458069 6.74099636078
v -0.472505927086 7.22888660431 6.89625358582
v -0.624864280224 6.62948513031 7.46311187744
v 4.1609005928 7.56518554688 5.0470662117
v 3.52330493927 7.70418357849 5.31537771225
v 3.20662689209 8.62912750244 3.9086523056
v 2.91147279739 8.33684253693 4.69513940811
v 1.94904839993 8.55329704285 4.80319404602
v 1.22794568539 7.95855617523 5.93173503876
v 0.210062369704 7.79898548126 6.2584104538
v -0.750395178795 7.93935918808 6.03679418564
v -4.37327480316 4.9779548645 7.49280500412
v -4.89553070068 4.07085418701 7.71423912048
v -4.93692588806 2.4558596611 8.34506511688
v -4.49242115021 3.07138347626 8.39223384857
v -8.28289985657 2.20950818062 5.15367507935
v -7.73922348022 2.90592885017 5.63114690781
v -7.78997707367 3.92337942123 4.89637899399
v -7.09068202972 4.9768948555 5.00045967102
v -5.96932554245 4.94022035599 6.3255109787
v -4.9252910614 5.67777204514 6.59954786301
v -4.22743320465 6.98831367493 5.77417802811
v -3.28996729851 7.20328903198 6.11028194427
v -2.69879102707 6.75933551788 6.86097955704
v -3.59165501595 2.88367438316 8.87843227386
v -2.68874597549 3.362429142 9.02802467346
v -2.55255818367 4.49342679977 8.56362724304
v -1.69545483589 4.90347719193 8.55111026764
v -0.880544185638 4.51851129532 8.87944316864
v -0.987313568592 7.55938863754 6.47464847565
v -1.69451522827 7.51296663284 6.38172483444
v -2.08441114426 6.8817281723 6.95273303986
v -1.79845166206 6.43083190918 7.44662570953
v -9.19451618195 0.193695113063 3.9327917099
v -8.93966579437 0.221058532596 4.48078393936
v -8.76172924042 1.0706114769 4.70447587967
v -8.33354282379 1.32365834713 5.37092971802
v -5.70514202118 3.93013763428 7.21486902237
v -6.1455411911 2.94059324265 7.32347345352
v -6.96036434174 2.3825006485 6.77681159973
v -6.88567018509 1.45420265198 7.10766220093
v -7.2799949646 0.726659595966 6.82043647766
v -7.79433059692 0.681523740292 6.23129558563
v -9.98831272125 -0.426107078791 -0.294601649046
v -9.99580764771 -0.0222190767527 0.347523808479
v -9.92384719849 1.19924473763 0.345968425274
v -9.64682102203 1.9887188673 1.74039006233
v -9.5315284729 1.19952082634 2.78496170044
v -9.56947898865 0.941944241524 -2.75121259689
v -9.83664131165 0.782469153404 -1.63178515434
v -9.94378948212 -0.196905657649 -1.0562889576
v -7.66565227509 4.79308223724 -4.27736711502
v -8.32912349701 4.33767366409 -3.4416744709
v -8.46958446503 4.77929401398 -2.33744931221
v -8.07750225067 5.58777713776 -1.88991570473
v -7.59889698029 6.16565418243 -2.06930470467
v -9.1855173111 3.43660879135 1.96571707726
v -8.79322624207 3.69109010696 3.01742196083
v -8.64634799957 3.31928324699 3.77796459198
v -8.65671539307 2.40358805656 4.39692211151
v -8.95525169373 1.5272141695 4.18545866013
v -9.29469871521 1.16899442673 3.5053756237
v -9.34819793701 0.597927629948 3.50683379173
v -9.48934459686 0.523050606251 3.11806964874
v -1.08660328388 9.94137191772 -0.142444640398
v -2.09373426437 9.7756690979 -0.295467615128
v -2.56266212463 9.64878368378 0.609873354435
v -3.35012936592 9.39904880524 0.689279139042
v -3.88300180435 9.21470355988 0.229056507349
v -6.00270938873 -2.71907758713 -7.52135705948
v -6.83946228027 -2.32627797127 -6.91465950012
v -6.91524982452 -1.26801621914 -7.11172199249
v -7.50733089447 -0.72722864151 -6.56667661667
v -8.10570335388 -0.950097620487 -5.78000116348
fv 10 11 605 177 176 9
fc 0.994498416781 3.94689869881 9.09256331126
fn 0.103276 0.389169 0.915359
fv 565 564 27 550 566
fc 7.77808485031 -4.85212182999 3.90661039352
fn 0.771394 -0.495378 0.399438
fv 333 332 585 30 334
fc -4.42724905014 -6.17416324615 6.45223455429
fn -0.448788 -0.620831 0.642774
fv 31 719 718 265 264
fc 0.664956144989 -7.61987743378 -6.40296630859
fn 0.068455 -0.766425 -0.638676
fv 37 816 815 295 294
fc 6.33032341003 7.19914827347 -2.76053743362
fn 0.636476 0.718724 -0.279882
fv 45 635 634 323 322 321
fc -8.10764058431 -2.60766549905 5.14999906222
fn -0.814615 -0.270740 0.512934
fv 52 913 912 784
fc -7.81691193581 5.96832108498 -1.77331128716
fn -0.785351 0.591774 -0.181734
fv 54 55 147 214 213
fc -6.17566900253 7.76528968811 -0.989048337936
fn -0.618058 0.779744 -0.100017
fv 57 751 750 362 361
fc -7.90573234558 3.07466497421 -5.25287256241
fn -0.791173 0.313277 -0.525264
fv 611 72 494 612
fc 5.44302332401 -0.815115019679 8.33763098717
fn 0.538733 -0.079948 0.838675
fv 76 546 545 555 554 553 552
fc 3.63551851681 -5.97136524745 7.02381590434
fn 0.383798 -0.599598 0.702269
fv 92 628 627 650 649
fc -5.81684160233 0.816284921393 8.0640124321
fn -0.576663 0.075691 0.813468
fv 97 98 672 675 674 96
fc -9.10396671295 -0.912566279372 -3.9510794878
fn -0.913929 -0.097254 -0.394050
fv 156 157 561 133 132
fc 4.80064487457 -8.6546257019 1.27660634518
fn 0.485314 -0.865090 0.126841
fv 164 165 268 107 106
fc -0.786318522692 -6.21694698334 -7.76845989227
fn -0.072647 -0.622241 -0.779448
fv 172 173 763 139 138
fc -1.27714090347 4.75822439194 -8.68405990601
fn -0.122838 0.474709 -0.871529
fv 180 181 860 142 141
fc -0.730923551321 6.17741546631 7.81144428253
fn -0.067206 0.617783 0.783471
fv 188 189 298 118 117
fc 4.86889066696 8.60555171967 -1.37536203861
fn 0.492787 0.859612 -0.135008
fv 192 193 549 544 191
fc 1.44407579899 -5.84167308807 7.9700466156
fn 0.145394 -0.585074 0.797840
fv 214 215 779 778 777 780 213
fc -5.01010448592 8.26407943453 -2.23929710048
fn -0.505568 0.829769 -0.236399
fv 228 229 365 18 17
fc -7.80139579773 0.86969447732 -6.17043466568
fn -0.784885 0.087733 -0.613399
fv 243 244 404 403
fc 3.96412330866 -8.28964471817 -3.91079032421
fn 0.396126 -0.831174 -0.390171
fv 197 209 208 263 198
fc -3.33784012794 -9.20765361786 -1.88706367016
fn -0.325636 -0.925949 -0.191256
fv 35 34 33 32 31 264 166
fc 1.79202940634 -6.77489995956 -7.03347580773
fn 0.183419 -0.679601 -0.710282
fv 716 715 703 266 717
fc -1.49119281769 -7.94028167725 -5.84712076187
fn -0.149126 -0.800905 -0.579925
fv 169 223 222 293 170
fc 2.48660950661 6.04370698929 -7.53465509415
fn 0.258419 0.604112 -0.753836
fv 41 40 39 38 37 294 190
fc 7.01580469949 6.88708305359 -1.36990483957
fn 0.709332 0.692027 -0.133962
fv 813 812 800 296 814
fc 4.56856679916 7.9366350174 -3.95283961296
fn 0.458658 0.791749 -0.403443
fv 321 322 144 143 340
fc -8.55687923431 -1.22203142643 4.98616447449
fn -0.859225 -0.124685 0.496171
fv 632 631 630 623 324 633
fc -5.98976834615 -3.40591216087 7.18012412389
fn -0.602491 -0.348354 0.718091
fv 337 338 921 905 904 903 902 336
fc -9.71474587917 0.292460044846 1.80651382357
fn -0.984734 0.035989 0.170306
fv 349 846 845 844 840
fc -4.41188850403 8.14046182632 3.71541137695
fn -0.444785 0.810803 0.380480
fv 346 352 848 847 348 347
fc -6.35460766157 7.34861556689 2.19031959772
fn -0.639146 0.735927 0.223390
fv 353 354 130 358 357
fc -7.98424978256 5.58613805771 2.14610886574
fn -0.801750 0.557887 0.214380
fv 783 355 56 55 54 53 52 784
fc -7.39541506767 6.57542902231 -0.754272334278
fn -0.745246 0.663920 -0.061801
fv 61 60 59 58 57 361 230
fc -8.72516863687 2.35200784888 -4.11666226387
fn -0.880636 0.237421 -0.410015
fv 363 749 748 747 743
fc -6.49036331177 2.86270833015 -7.0151014328
fn -0.646528 0.295135 -0.703489
fv 374 375 370 371 386 388 373
fc 8.01816851752 -5.8226313591 0.28333398274
fn 0.811944 -0.583149 0.026140
fv 235 382 539 231 232 233 234
fc 9.76677049909 -1.22732890929 1.33440163519
fn 0.982756 -0.135142 0.126206
fv 382 383 389 540 539
fc 9.86663646698 -1.29275020361 -0.464812597632
fn 0.989941 -0.133577 -0.046632
fv 390 391 466 543 542 541 540 389
fc 9.65295410156 0.0601191520691 -2.13131237775
fn 0.979711 0.010239 -0.200153
fv 241 410 368 238 239 240
fc 6.92026392619 -6.31558696429 -3.32600152493
fn 0.691548 -0.634531 -0.345155
fv 285 417 422 287 286
fc 4.64982261658 4.17955932617 -7.76142168045
fn 0.461403 0.418849 -0.782095
fv 424 425 420 421 432 434 423
fc 1.94043277843 2.32779914992 -9.42490046365
fn 0.206470 0.228455 -0.951409
fv 275 428 395 272 273 274
fc 3.69109805425 -2.79798293114 -8.79676580429
fn 0.371670 -0.268470 -0.888699
fv 428 429 453 452 396 395
fc 5.40420635541 -1.96069912116 -8.10416579247
fn 0.541141 -0.189947 -0.819199
fv 446 447 449 65 66 67
fc 6.93240714073 1.04726324479 -7.08272409439
fn 0.692099 0.107692 -0.713723
fv 436 440 439 448 438 437
fc 8.39484159152 0.865530299644 -5.30833975474
fn 0.841180 0.086266 -0.533830
fv 530 44 461 531
fc 8.54712700844 3.62974882126 -3.67676669359
fn 0.854759 0.364180 -0.369810
fv 475 476 471 472 487 489 474
fc 3.44764845712 6.07367978777 7.02572005136
fn 0.354929 0.609171 0.709180
fv 305 483 522 302 303 304
fc 6.85823639234 6.36236278216 3.40683178107
fn 0.683860 0.640946 0.348603
fv 483 484 490 523 522
fc 7.32661790848 5.23510789871 4.28308882713
fn 0.731957 0.524696 0.434664
fv 494 495 70 613 612
fc 5.71951036453 0.101409764588 8.17348833084
fn 0.572935 0.017558 0.819412
fv 510 511 513 25 26 508 509
fc 8.63443892343 -2.25666953836 4.3544895649
fn 0.865257 -0.236558 0.442007
fv 500 504 503 512 502 501
fc 8.92000691096 -0.0476055343946 4.45847706
fn 0.893882 -0.003486 0.448289
fv 551 516 77 76 552
fc 5.3934756279 -4.69413099289 6.90832014084
fn 0.545211 -0.475037 0.690713
fv 520 460 459 534 535
fc 9.02762088776 3.15795984268 2.78493657112
fn 0.908662 0.319489 0.268813
fv 249 547 94 250
fc 1.34908378124 -7.2610065937 6.72833287716
fn 0.135305 -0.730423 0.669459
fv 552 553 557 569 568 567 566 550 551
fc 5.82721863853 -6.36477300856 4.64017952813
fn 0.594765 -0.639540 0.487076
fv 553 554 248 556 558 557
fc 3.48053367933 -7.53189881643 5.46646142006
fn 0.356599 -0.754672 0.550734
fv 544 549 548 555 545
fc 2.17918841839 -6.19219255447 7.52156057358
fn 0.227132 -0.620425 0.750656
fv 559 0 1 567 568
fc 6.38606710434 -7.21795711517 2.55680041313
fn 0.644519 -0.718139 0.262434
fv 237 562 387 236
fc 8.88366055489 -4.09437555075 2.01519066095
fn 0.892327 -0.405288 0.198733
fv 568 569 599 560 559
fc 5.38889951706 -7.80723762512 3.07996520996
fn 0.541355 -0.779616 0.314853
fv 255 570 575 257 256
fc -0.721849895269 -9.89371051788 -0.953826618195
fn -0.077103 -0.992761 -0.092096
fv 577 578 573 574 590 592 576
fc -2.59797523703 -9.3061605181 2.17352827958
fn -0.249914 -0.943122 0.219233
fv 254 581 591 253
fc -1.75482043624 -8.62396883965 4.71789634228
fn -0.167830 -0.864360 0.474041
fv 252 586 556 248 249 250 251
fc 1.4922749315 -7.93780170168 5.75604929243
fn 0.148630 -0.813760 0.561875
fv 586 587 601 600 558 556
fc 2.99880387386 -8.58374245962 3.99360477924
fn 0.290013 -0.867746 0.403621
fv 152 155 598 154 153
fc 4.82576522827 -8.68195934296 -0.945983177423
fn 0.484411 -0.870122 -0.090745
fv 85 86 620 619 609
fc 2.79300203323 -2.68012785912 9.17923107147
fn 0.278348 -0.264105 0.923456
fv 638 639 83 643
fc -1.77303108573 -2.06524893641 9.60289144516
fn -0.184931 -0.202843 0.961590
fv 254 657 584 583 582 581
fc -2.75819436709 -8.1618587176 4.99561564128
fn -0.282414 -0.815040 0.505917
fv 660 661 663 28 29 658 659
fc -1.49076162917 -6.59085852759 7.27519961766
fn -0.160162 -0.667641 0.727051
fv 192 654 653 662 194 193
fc 0.38274616003 -5.87050755819 8.05877137184
fn 0.037799 -0.586683 0.808934
fv 692 693 690 691 702 701 700 699
fc -7.58917236328 -6.40193259716 0.485423570499
fn -0.777842 -0.627150 0.040560
fv 199 698 206 205 204
fc -5.08459873199 -8.52715053558 -1.01670799255
fn -0.510547 -0.853790 -0.101905
fv 344 692 699 345
fc -7.7829515934 -6.01259422302 1.75454860926
fn -0.777628 -0.602261 0.180489
fv 705 704 720 712 711
fc -2.40992279053 -6.45788583755 -7.20805444717
fn -0.258505 -0.646165 -0.718085
fv 753 730 737 736 754
fc -4.55973324776 -1.15765611231 -8.77560977936
fn -0.451909 -0.109187 -0.885356
fv 160 163 735 162 161
fc -0.151756769419 -4.36966614723 -8.96717453003
fn -0.015973 -0.441409 -0.897164
fv 736 742 741 757 756 755 754
fc -5.56008945193 0.3941396709 -8.20148815428
fn -0.548672 0.036242 -0.835252
fv 754 755 759 771 770 769 768 752 753
fc -2.8452690045 1.04549042218 -9.33149528503
fn -0.294998 0.089989 -0.951251
fv 755 756 746 758 760 759
fc -4.58453440666 2.48300381502 -8.46897522608
fn -0.460966 0.240747 -0.854138
fv 740 745 744 757 741
fc -6.66238746643 0.832512378693 -7.38719062805
fn -0.660396 0.081700 -0.746460
fv 758 746 747 748 788 789
fc -5.25299676259 3.6007048289 -7.63736597697
fn -0.526898 0.371468 -0.764454
fv 761 2 3 769 770
fc -1.12607967854 2.58183078766 -9.5681306839
fn -0.113019 0.248911 -0.961909
fv 277 764 433 276
fc 1.5573117435 -0.586832769215 -9.84360837936
fn 0.162906 -0.063500 -0.984596
fv 770 771 796 762 761
fc -2.0928747654 3.09894070625 -9.25286941528
fn -0.212194 0.304590 -0.928546
fv 786 776 773 772 787
fc -4.52029194832 6.86920261383 -5.59408321381
fn -0.456870 0.688072 -0.563761
fv 783 784 912 911 127 128
fc -8.41260496775 5.15419300397 -1.28171635667
fn -0.853912 0.505383 -0.124189
fv 798 790 114 113 799
fc -2.7961534977 5.0618519783 -8.13543987274
fn -0.288694 0.509991 -0.810287
fv 171 795 220 219 218
fc 0.427089571953 5.96643629074 -7.98651008606
fn 0.040796 0.598827 -0.799839
fv 802 801 817 809 808
fc 3.50560355186 9.04126281738 -2.33929104805
fn 0.335817 0.910585 -0.240961
fv 850 827 834 833 851
fc -0.342025822401 9.73569736481 2.08025355339
fn -0.031354 0.975388 0.218253
fv 184 187 832 186 185
fc 4.81267805099 8.69282588959 0.92084518075
fn 0.482998 0.871169 0.088187
fv 833 839 838 854 853 852 851
fc -2.04935371024 9.31948239463 2.72913588796
fn -0.192601 0.939994 0.281633
fv 851 852 856 868 867 866 865 849 850
fc 0.0904943164852 8.65752342012 4.62734410498
fn 0.013444 0.889124 0.457468
fv 852 853 843 855 857 856
fc -2.27676496903 8.40311400096 4.8126762708
fn -0.223862 0.849166 0.478334
fv 837 842 841 854 838
fc -3.32192511559 9.12860164642 2.31591801643
fn -0.324918 0.915510 0.237210
fv 855 843 844 845 879 880
fc -3.62197081248 7.74680344264 5.07608668009
fn -0.370443 0.772172 0.516258
fv 858 4 5 866 867
fc 0.779501760006 7.52002983093 6.50866289139
fn 0.083530 0.758862 0.645872
fv 307 861 488 306
fc 4.54992794991 7.4477430582 4.85625004768
fn 0.461903 0.743379 0.483769
fv 867 868 887 859 858
fc -0.365285098553 7.58268489838 6.48142061234
fn -0.035303 0.763671 0.644640
fv 889 881 123 122 890
fc -2.26420693398 6.41692705154 7.3048541069
fn -0.236905 0.642370 0.728860
fv 10 179 886 12 11
fc -0.236368733644 4.28108501434 9.00957775116
fn -0.024529 0.429472 0.902747
fv 877 895 870 869 878
fc -5.17371282578 4.71938781738 7.06939439774
fn -0.524018 0.479814 0.703693
fv 145 146 900 894 893 892 143 144
fc -8.29907810688 0.104499662295 5.45907819271
fn -0.835855 0.016104 0.548714
fv 100 901 908 102 101
fc -9.92753810883 -0.790017929673 -0.712998539209
fn -0.994404 -0.072895 -0.076469
fv 359 915 916 360
fc -8.56517910957 3.7736672163 3.48556011915
fn -0.856729 0.378800 0.350038
fv 149 150 926 216 215 214 147 148
fc -4.8526237011 8.65647912025 -0.0663777180016
fn -0.495412 0.868559 -0.013115
fv 97 227 931 99 98
fc -8.48845863342 -1.00019250512 -5.14585380554
fn -0.849999 -0.100636 -0.517082
fv 7 6 247 240 239
fc 6.47743692398 -7.25030651093 -2.23203725815
fn 0.648813 -0.725175 -0.230570
fv 7 8 377 151 6
fc 6.58113145828 -7.39934253693 -1.23123568296
fn 0.659332 -0.742216 -0.119991
fv 477 182 181 180 179 10 9 478
fc 0.566667493433 5.47198671103 8.26962536573
fn 0.056433 0.552977 0.831283
fv 14 13 281 274 273
fc 2.4220199585 -3.69299325943 -8.94399375916
fn 0.244529 -0.363175 -0.899060
fv 14 15 36 159 13
fc 2.08639740944 -4.59322519302 -8.60957317352
fn 0.206996 -0.463189 -0.861747
fv 17 18 745 740 16
fc -7.30452156067 0.539208645746 -6.78997440338
fn -0.730663 0.052499 -0.680716
fv 20 19 311 304 303
fc 6.45745201111 7.24599275589 2.31728277206
fn 0.645895 0.725338 0.238125
fv 20 21 42 183 19
fc 6.58532676697 7.38386726379 1.31635446548
fn 0.659760 0.740537 0.127756
fv 23 24 842 837 22
fc -3.75251522064 9.12006511688 1.61081254482
fn -0.374486 0.912811 0.162899
fv 32 33 416 415 402 401
fc 3.22612770398 -7.30444407463 -5.92311255137
fn 0.328204 -0.730322 -0.599092
fv 34 35 36 15 397
fc 2.39999799728 -5.46101198196 -7.99127035141
fn 0.241816 -0.551752 -0.798182
fv 38 39 538 537 529 528
fc 8.12802497546 5.37048165003 -1.94706042608
fn 0.821848 0.538129 -0.187039
fv 40 41 42 21 524
fc 7.11209535599 6.97810258865 0.426918759942
fn 0.716144 0.696937 0.037629
fv 44 43 542 543 464 463 462 461
fc 9.03006374836 2.2663936466 -3.42113530636
fn 0.916702 0.232161 -0.325206
fv 339 338 337 46 47 45 321 340
fc -9.08810031414 -1.70537286997 3.51562154293
fn -0.920810 -0.183078 0.344369
fv 50 51 136 135 200 201
fc -6.3293774128 -7.67546168963 0.76116232574
fn -0.627629 -0.774549 0.078459
fv 148 147 55 56 346 347
fc -6.36262718836 7.63183188438 0.596783747276
fn -0.640730 0.765610 0.057511
fv 60 61 62 673 906
fc -9.3186870575 0.938829576969 -3.44327569008
fn -0.934357 0.101190 -0.341669
fv 68 69 615 614 469
fc 4.19730601311 2.2446325779 8.7656545639
fn 0.421713 0.219836 0.879677
fv 70 71 470 469 614 613
fc 5.41425140699 1.65719724695 8.1842127641
fn 0.547434 0.163238 0.820773
fv 73 72 611 610 78
fc 5.16327095032 -1.67811024189 8.37286567688
fn 0.513742 -0.172563 0.840411
fv 74 75 510 509 234 233
fc 9.4178015391 -1.32913543781 2.9742629528
fn 0.944019 -0.142878 0.297343
fv 131 80 81 82 596 597
fc 3.05625164509 -9.46354913712 0.567081041906
fn 0.303119 -0.951314 0.055868
fv 83 84 607 606 644 643
fc -0.694717019641 -1.13641948625 9.85590855281
fn -0.068731 -0.113887 0.991113
fv 607 84 87 86 85 608
fc 1.10867513235 -1.88997945189 9.68517923355
fn 0.113513 -0.186205 0.975932
fv 87 88 656 622 621 620 86
fc 1.56254499299 -3.8406120709 9.02574130467
fn 0.163744 -0.379151 0.910732
fv 90 91 625 626 89
fc -6.98899297714 -0.389672037959 7.12383737564
fn -0.695429 -0.041463 0.717398
fv 94 95 660 659 251 250
fc 0.271201983094 -7.24578317006 6.83728551865
fn 0.018621 -0.733700 0.679218
fv 229 228 227 97 96 62 61 230
fc -8.66341590881 0.469129469246 -4.83019939065
fn -0.871103 0.051849 -0.488355
fv 100 101 683 684 335
fc -9.86174411774 -1.52721722126 -0.184812235832
fn -0.985882 -0.166721 -0.015503
fv 134 104 103 696 697
fc -6.66519699097 -7.39065856934 -0.835139423609
fn -0.664845 -0.741268 -0.092209
fv 103 104 702 691
fc -7.11812269688 -6.99659073353 -0.506754044443
fn -0.716274 -0.695785 -0.053242
fv 106 107 705 711 105
fc -1.65929234028 -6.07974624634 -7.74304885864
fn -0.168197 -0.608132 -0.775813
fv 722 110 212 723
fc -4.96744143963 -7.62494730949 -4.10840654373
fn -0.500829 -0.755496 -0.422371
fv 111 112 823 822 774
fc -2.21573448181 9.05119991302 -3.55784916878
fn -0.219659 0.906003 -0.361814
fv 137 113 114 115 793 794
fc -2.07117861509 6.01063942909 -7.66690381368
fn -0.210057 0.615180 -0.759887
fv 117 118 802 808 116
fc 4.08817687035 8.97838573456 -1.54404611588
fn 0.407518 0.900011 -0.154626
fv 819 121 226 820
fc 1.02120792121 8.24755430222 -5.53484237194
fn 0.099511 0.833515 -0.543461
fv 140 122 123 124 884 885
fc -2.3126300176 5.37202588717 8.06534552574
fn -0.242106 0.529287 0.813167
fv 129 128 127 126 125 903 904 914
fc -9.31556689739 3.08474497497 0.0780582204461
fn -0.950848 0.309514 0.009462
fv 125 126 59 60 906 907
fc -9.51604827245 1.75452256203 -2.25592847665
fn -0.958699 0.183832 -0.217030
fv 59 126 127 911 910 58
fc -8.82593456904 3.71307345231 -2.63263158003
fn -0.891489 0.372219 -0.258264
fv 131 132 133 602 80
fc 3.9041768074 -9.0823431015 1.36323730946
fn 0.387667 -0.911110 0.139976
fv 136 51 700 701
fc -6.92200827599 -7.16712641716 0.773120425642
fn -0.695455 -0.714052 0.080453
fv 137 138 139 799 113
fc -1.9012796402 5.19330024719 -8.31561489105
fn -0.191003 0.521488 -0.831606
fv 140 141 142 890 122
fc -1.56796417236 6.06030950546 7.7836523056
fn -0.158516 0.605649 0.779783
fv 145 326 91 90 146
fc -7.49938592911 -0.621762254834 6.56700153351
fn -0.753147 -0.065088 0.654625
fv 146 90 89 899 900
fc -7.43840684891 0.236124396324 6.65914764404
fn -0.748902 0.029746 0.662012
fv 149 351 24 23 150
fc -4.38356847763 8.87629165649 1.33552677631
fn -0.444657 0.885986 0.131559
fv 150 23 22 925 926
fc -3.80882053375 9.19442253113 0.856015819311
fn -0.381330 0.921258 0.076624
fv 376 158 157 156 155 152 151 377
fc 5.78623795509 -8.06027173996 0.0501091517508
fn 0.584981 -0.811005 0.008209
fv 153 154 269 245 246
fc 4.64527788162 -8.61689186096 -1.92852201462
fn 0.464562 -0.862782 -0.199473
fv 155 156 132 131 597 598
fc 4.32461237907 -8.9750957489 0.274729065869
fn 0.434112 -0.900545 0.023797
fv 0 158 376 375 374 1
fc 6.84922766685 -7.11691125234 1.21286500494
fn 0.690817 -0.712901 0.120598
fv 165 164 163 160 159 36 35 166
fc 0.674110475928 -5.47549384832 -8.24165517092
fn 0.070246 -0.555424 -0.828595
fv 161 162 282 279 280
fc 0.0337961494923 -3.39039025307 -9.38018875122
fn 0.004071 -0.332951 -0.942935
fv 163 164 106 105 734 735
fc -1.06313042839 -5.28910001119 -8.37926880519
fn -0.105915 -0.525406 -0.844234
fv 167 427 217 168
fc 1.47341582179 4.63985943794 -8.72351861
fn 0.146782 0.464334 -0.873412
fv 168 169 170 287 422 421 420 167
fc 2.77172394097 4.45290404558 -8.40332239866
fn 0.294063 0.441728 -0.847587
fv 171 172 138 137 794 795
fc -0.888666441043 5.64614208539 -8.1690548261
fn -0.084935 0.570489 -0.816902
fv 2 174 426 425 424 3
fc 0.145371705294 3.09048668543 -9.46323013306
fn 0.018534 0.305945 -0.951869
fv 175 478 9 176
fc 1.66354325414 4.81210315228 8.59462714195
fn 0.167212 0.480785 0.860747
fv 176 177 178 69 68 473 472 471 175
fc 3.07548277908 3.82730619113 8.5619404051
fn 0.317892 0.390573 0.863943
fv 179 180 141 140 885 886
fc -1.04599968592 5.26311683655 8.40377012889
fn -0.103783 0.522290 0.846429
fv 4 182 477 476 475 5
fc 1.55162463586 6.6498049895 7.24616797765
fn 0.161247 0.667812 0.726655
fv 189 188 187 184 183 42 41 190
fc 5.81081831455 8.03876847029 -0.0633774399757
fn 0.589086 0.808005 -0.010279
fv 185 186 312 309 310
fc 4.59286885262 8.6352306366 1.97019104958
fn 0.458041 0.865208 0.203994
fv 187 188 117 116 831 832
fc 4.36685125033 8.95140441259 -0.401622014741
fn 0.437219 0.898699 -0.034348
fv 195 580 203 196
fc -3.87245249748 -9.20786094666 0.136712834239
fn -0.388256 -0.921442 0.014189
fv 196 197 198 257 575 574 573 195
fc -2.60761350393 -9.55221557617 -0.27046271041
fn -0.247431 -0.968567 -0.025619
fv 199 200 135 134 697 698
fc -6.04344002406 -7.92380126317 -0.420552507043
fn -0.601200 -0.798021 -0.041496
fv 49 50 201 202 327
fc -5.77549705505 -7.94203500748 1.74998719692
fn -0.577607 -0.795845 0.181662
fv 579 202 201 200 199 204 203 580
fc -4.94877821207 -8.60314285755 0.45068468526
fn -0.500930 -0.864047 0.049928
fv 203 204 205 209 197 196
fc -4.08559493224 -9.05365800858 -0.874482760827
fn -0.407180 -0.908924 -0.089780
fv 207 208 209 205 206 210
fc -4.41272568703 -8.69666179021 -2.05826632182
fn -0.443259 -0.871122 -0.211349
fv 697 696 695 211 210 206 698
fc -5.7721327373 -7.8808520862 -1.87006218093
fn -0.581497 -0.789506 -0.196320
fv 210 211 212 110 109 207
fc -4.77296408017 -8.10024007161 -3.30199273427
fn -0.478136 -0.814639 -0.328251
fv 216 803 779 215
fc -4.05680096149 9.02308082581 -1.36508440971
fn -0.407428 0.902537 -0.139387
fv 426 174 173 172 171 218 217 427
fc 0.229954546317 4.69404891133 -8.75550341606
fn 0.019788 0.470306 -0.882281
fv 217 218 219 223 169 168
fc 1.50227767229 5.53039725622 -8.15932297707
fn 0.153565 0.555686 -0.817087
fv 221 222 223 219 220 224
fc 1.3843934238 6.57401696841 -7.35957193375
fn 0.138163 0.663815 -0.735024
fv 794 793 792 225 224 220 795
fc -0.342553204724 6.85827507292 -7.17112915856
fn -0.040201 0.696391 -0.716536
fv 224 225 226 121 120 221
fc 1.15508320928 7.62444472313 -6.30716657639
fn 0.115155 0.762430 -0.636741
fv 227 228 17 16 930 931
fc -7.84696976344 -0.205305222732 -6.14681943258
fn -0.788867 -0.027081 -0.613967
fv 232 455 74 233
fc 9.71018648148 -0.557692550123 2.27481162548
fn 0.972844 -0.056913 0.224355
fv 508 507 237 236 235 234 509
fc 9.09152834756 -3.01077754157 2.63361428465
fn 0.918919 -0.295116 0.261715
fv 246 245 244 243 242 241 240 247
fc 5.17663609982 -7.79819095135 -3.2561480701
fn 0.530415 -0.778053 -0.336592
fv 152 153 246 247 6 151
fc 5.66500933965 -8.03773482641 -1.62529192368
fn 0.568275 -0.806293 -0.164180
fv 658 657 254 253 252 251 659
fc -1.09152563981 -7.966541699 5.79867683138
fn -0.102294 -0.803923 0.585870
fv 255 256 260 259 593
fc 0.0362134806812 -9.74907054901 -2.03717844486
fn 0.006434 -0.976481 -0.215507
fv 198 263 262 261 260 256 257
fc -1.79018826996 -9.42282949175 -2.48787036964
fn -0.173684 -0.950531 -0.257535
fv 208 207 109 108 262 263
fc -3.4703271389 -8.76374022166 -3.20722250144
fn -0.342505 -0.880834 -0.326836
fv 265 718 717 266 267
fc -0.482339902222 -7.64788484573 -6.39077939987
fn -0.047698 -0.770298 -0.635898
fv 264 265 267 268 165 166
fc 0.0172921642661 -6.92472020785 -7.16530195872
fn 0.006726 -0.691639 -0.722212
fv 270 271 404 244 245 269
fc 3.7279898723 -8.78078953425 -2.85583655039
fn 0.367708 -0.885603 -0.283721
fv 280 279 278 277 276 275 274 281
fc 1.49279889092 -2.27572131157 -9.51441729069
fn 0.157478 -0.225923 -0.961332
fv 160 161 280 281 13 159
fc 1.11744915942 -4.00623965263 -9.05503718058
fn 0.111847 -0.400297 -0.909534
fv 767 766 284 752 768
fc -1.11373969316 -0.647132748365 -9.87356548309
fn -0.121298 -0.059697 -0.990819
fv 283 284 766 278 279 282
fc -0.612992828091 -2.09991671642 -9.70193179448
fn -0.065068 -0.210920 -0.975335
fv 285 286 290 289 443
fc 5.51594018936 4.63432912827 -6.87851467133
fn 0.558109 0.472008 -0.682439
fv 170 293 292 291 290 286 287
fc 4.02814047677 5.81937435695 -6.93503120967
fn 0.413695 0.588957 -0.694252
fv 222 221 120 119 292 293
fc 2.55296607812 7.06235313416 -6.53640906016
fn 0.262628 0.710205 -0.653174
fv 295 815 814 296 297
fc 5.40854635239 7.7771481514 -3.13936700821
fn 0.543027 0.776386 -0.319914
fv 294 295 297 298 189 190
fc 5.68902341525 7.93340770404 -2.00324507554
fn 0.574502 0.794849 -0.195353
fv 310 309 308 307 306 305 304 311
fc 5.20119971037 7.72782021761 3.3784533143
fn 0.526836 0.777155 0.344200
fv 184 185 310 311 19 183
fc 5.65388186773 8.03742980957 1.67128400008
fn 0.566551 0.806603 0.168557
fv 864 863 314 849 865
fc 2.47931616306 8.75611839294 4.04985947609
fn 0.238256 0.881506 0.407653
fv 313 314 863 308 309 312
fc 3.53868774573 8.81663767497 2.95643615723
fn 0.352577 0.887777 0.295875
fv 645 317 320 646
fc -1.84886032343 1.47953903675 9.70365071297
fn -0.195348 0.138679 0.970880
fv 318 319 320 317 316 603
fc -1.19528211653 2.08719366789 9.67498747508
fn -0.118318 0.214817 0.969461
fv 323 634 633 324 325
fc -7.21027441025 -2.72866616249 6.32462234497
fn -0.721145 -0.283171 0.632269
fv 322 323 325 326 145 144
fc -7.82333397865 -1.51790468891 5.99045117696
fn -0.785365 -0.153999 0.599571
fv 202 579 578 577 328 327
fc -4.48855225245 -8.61328045527 2.16032497088
fn -0.449321 -0.864978 0.223436
fv 328 329 331 330 48 49 327
fc -5.72032151903 -7.35563509805 3.32514115742
fn -0.581217 -0.734820 0.349610
fv 631 632 333 334 666
fc -4.94346504211 -4.95253829956 7.0965426445
fn -0.502075 -0.495089 0.709089
fv 901 100 335 336 902
fc -9.95007839203 -0.742903980613 0.23925267458
fn -0.997182 -0.067245 0.033248
fv 143 892 891 339 340
fc -9.0017906189 -0.286699491739 4.30824871063
fn -0.900654 -0.030966 0.433433
fv 45 47 342 341 635
fc -8.3304977417 -3.79624466896 3.91220493317
fn -0.833060 -0.385906 0.396343
fv 46 686 685 343 342 47
fc -8.88364251455 -3.77891425292 2.33167294661
fn -0.897628 -0.375056 0.231512
fv 343 344 345 48 330 341 342
fc -7.71454218456 -5.53054319109 2.87335101196
fn -0.770279 -0.556534 0.311353
fv 348 847 846 349 350
fc -5.24160013199 8.00471496582 2.83391466141
fn -0.529657 0.797151 0.289851
fv 347 348 350 351 149 148
fc -5.32199001312 8.26941037178 1.63348023097
fn -0.538540 0.827264 0.160028
fv 354 353 352 346 56 355
fc -7.39149157206 6.53107698758 1.37286189198
fn -0.741917 0.657655 0.130570
fv 354 355 783 128 129 130
fc -8.33171606064 5.38135250409 0.72350153327
fn -0.842654 0.534445 0.065590
fv 352 353 357 356 848
fc -7.28441390991 6.24761915207 2.71043934822
fn -0.724527 0.628315 0.283338
fv 362 750 749 363 364
fc -7.32005462646 2.7331299305 -6.21056747437
fn -0.730917 0.280163 -0.622310
fv 361 362 364 365 229 230
fc -7.95396057765 1.94185614586 -5.68678418795
fn -0.801612 0.192702 -0.565937
fv 366 367 369 64 380 379 378
fc 8.71262577602 -3.61529793058 -3.04793810844
fn 0.876849 -0.359258 -0.319483
fv 238 368 369 367 372
fc 7.95701713562 -5.26105127335 -2.88562755585
fn 0.799260 -0.526328 -0.290109
fv 371 370 8 7 239 238 372
fc 7.44342395238 -6.36353826523 -1.67799129656
fn 0.754795 -0.633996 -0.168327
fv 371 372 367 366 385 386
fc 8.56963380178 -4.78646365801 -1.59816506505
fn 0.861146 -0.484615 -0.153546
fv 375 376 377 8 370
fc 7.05811805725 -7.03853664398 -0.294419872761
fn 0.711285 -0.702391 -0.026831
fv 378 379 390 389 383 384
fc 9.51482613881 -2.20661731561 -1.85483545065
fn 0.957973 -0.216197 -0.188539
fv 380 381 442 392 391 390 379
fc 9.11105755397 -1.30171721748 -3.71883644376
fn 0.919731 -0.144032 -0.365171
fv 366 378 384 385
fc 9.17080950737 -3.54450315237 -1.71561828256
fn 0.919230 -0.355106 -0.170048
fv 386 385 384 383 382 235 236 387 388
fc 9.22008069356 -3.45720646116 0.239281793435
fn 0.937667 -0.346872 0.021455
fv 441 440 436 435 392 442
fc 8.82708231608 -0.0704806571205 -4.63965710004
fn 0.884846 -0.007503 -0.465823
fv 393 394 396 452 407 406 405
fc 6.13873502186 -3.31572532654 -7.06566878728
fn 0.624035 -0.322990 -0.711519
fv 272 395 396 394 399
fc 4.79588031769 -3.40566730499 -8.04907655716
fn 0.481931 -0.340689 -0.807263
fv 398 397 15 14 273 272 399
fc 3.43303101403 -4.36409258842 -8.24517863137
fn 0.351180 -0.438841 -0.827098
fv 398 399 394 393 413 414
fc 4.95362067223 -4.55941927433 -7.3304626147
fn 0.493316 -0.463784 -0.735897
fv 31 32 401 400 719
fc 1.8224848032 -7.87016391754 -5.83556280136
fn 0.182967 -0.793791 -0.580016
fv 243 403 402 415 242
fc 4.11956582069 -7.76638879776 -4.70270299911
fn 0.418798 -0.770953 -0.479834
fv 402 403 404 271 258 400 401
fc 2.86080156054 -8.43295192719 -4.3806779044
fn 0.271242 -0.855835 -0.440424
fv 405 406 63 411 412
fc 6.79529876709 -4.26426181793 -5.91394786835
fn 0.687975 -0.427183 -0.586690
fv 407 408 409 381 380 64 63 406
fc 7.8765527606 -2.5647136122 -5.36626499891
fn 0.797182 -0.267170 -0.541406
fv 64 369 368 410 411 63
fc 7.52070029577 -4.79462679227 -4.37337565422
fn 0.756728 -0.480566 -0.443191
fv 393 405 412 413
fc 6.00107336044 -4.45645987988 -6.61840283871
fn 0.599089 -0.450531 -0.661902
fv 398 414 416 33 34 397
fc 3.54010637601 -5.8407655557 -7.22291270892
fn 0.362456 -0.590326 -0.721208
fv 414 413 412 411 410 241 242 415 416
fc 5.4831738472 -5.96896515952 -5.55438672172
fn 0.556688 -0.615182 -0.558256
fv 418 419 67 66 430 431
fc 5.77955961227 1.61652115981 -7.9290137291
fn 0.570856 0.157414 -0.805819
fv 421 422 417 418 431 432
fc 4.28863970439 2.7554359436 -8.51921574275
fn 0.425032 0.267567 -0.864729
fv 425 426 427 167 420
fc 1.33278386593 3.8422519207 -9.11077098846
fn 0.137978 0.376703 -0.916000
fv 66 65 454 453 429 430
fc 6.20929845174 -0.137233416239 -7.76861294111
fn 0.612595 -0.016164 -0.790232
fv 432 431 430 429 428 275 276 433 434
fc 3.63541754087 -0.0742356578509 -9.08538129595
fn 0.380612 -0.004525 -0.924724
fv 437 438 299 462 463
fc 8.55949020386 1.858249259 -4.78147821426
fn 0.857741 0.190401 -0.477523
fv 439 440 441 409 408 451 450
fc 8.01425436565 -0.420901551843 -5.8788753237
fn 0.803609 -0.050155 -0.593041
fv 409 441 442 381
fc 8.62112164497 -1.00566832721 -4.93528544903
fn 0.861157 -0.109627 -0.496377
fv 444 443 289 288 301 300 445
fc 6.92930398669 3.73595636232 -6.01253414154
fn 0.699434 0.386933 -0.600896
fv 418 417 285 443 444 419
fc 5.68138758341 3.24831720193 -7.49882364273
fn 0.570843 0.324962 -0.754014
fv 299 438 448 447 446 445 300
fc 7.72582108634 1.92601687568 -5.95605060032
fn 0.774671 0.202201 -0.599166
fv 444 445 446 67 419
fc 6.65822467804 2.30295126438 -7.05661125183
fn 0.667199 0.235025 -0.706830
fv 439 450 449 447 448
fc 7.68927383423 0.660692769289 -6.32816858292
fn 0.771715 0.067163 -0.632412
fv 449 450 451 454 65
fc 7.19589042664 -0.0263994395733 -6.91327772141
fn 0.719371 -0.007081 -0.694591
fv 452 453 454 451 408 407
fc 6.87935376167 -1.36452916265 -7.0510020256
fn 0.691510 -0.146752 -0.707303
fv 456 455 232 231 532 533
fc 9.81221946081 0.275116970142 1.66837225358
fn 0.986570 0.040150 0.158331
fv 459 458 457 456 533 534
fc 9.43373298645 1.54083162546 2.77579871813
fn 0.950433 0.160546 0.266276
fv 301 531 461 462 299 300
fc 8.2329009374 3.10196053982 -4.66860854626
fn 0.821980 0.314133 -0.475047
fv 436 437 463 464 465 435
fc 8.9829826355 0.970665042599 -4.2314054966
fn 0.898965 0.100643 -0.426301
fv 464 543 466 465
fc 9.32833337784 0.88561360538 -3.46325820684
fn 0.935411 0.093070 -0.341092
fv 435 465 466 391 392
fc 9.2621931076 0.203150296211 -3.71809597015
fn 0.929667 0.013177 -0.368165
fv 467 468 470 71 481 480 479
fc 6.28740739822 3.06040252958 7.03880228315
fn 0.639358 0.298571 0.708573
fv 468 473 68 469 470
fc 4.95444459915 3.00305714607 8.11556682587
fn 0.495913 0.306369 0.812532
fv 472 473 468 467 486 487
fc 5.10691722234 4.40939791997 7.30366484324
fn 0.505483 0.450552 0.735860
fv 476 477 478 175 471
fc 2.08755283356 5.5280125618 8.03784170151
fn 0.217745 0.555662 0.802388
fv 479 480 491 490 484 485
fc 7.11824727058 4.1841858228 5.54873363177
fn 0.719299 0.416925 0.555682
fv 481 482 506 493 492 491 480
fc 7.90105329241 2.33944291728 5.52678694044
fn 0.791902 0.245556 0.559101
fv 467 479 485 486
fc 6.19185936451 4.3647352457 6.50241065025
fn 0.619309 0.439461 0.650639
fv 487 486 485 484 483 305 306 488 489
fc 5.66351530287 5.96070935991 5.42944510778
fn 0.574617 0.603894 0.552384
fv 505 504 500 499 493 506
fc 8.62000544866 1.0356455942 4.8995950222
fn 0.864500 0.107381 0.491027
fv 492 493 499 458 459 460
fc 8.88185040156 2.17281701167 3.94292124112
fn 0.889459 0.225515 0.397500
fv 497 496 519 515
fc 7.29539573193 -0.643350876868 6.78774344921
fn 0.730833 -0.065583 0.679398
fv 496 497 498 482 481 71 70 495
fc 6.96181172132 0.749889330007 7.00892299414
fn 0.697787 0.086634 0.711047
fv 499 500 501 457 458
fc 9.14955558777 0.961784923077 3.86840376854
fn 0.918015 0.097511 0.384371
fv 456 457 501 502 75 74 455
fc 9.4461152213 -0.0187481088298 3.15332991736
fn 0.948909 0.001884 0.315544
fv 503 504 505 498 497 515 514
fc 8.11874301093 -0.119908788374 5.75655800956
fn 0.814910 -0.015237 0.579387
fv 498 505 506 482
fc 8.05491328239 1.00296701491 5.81814908981
fn 0.803072 0.100947 0.587269
fv 27 564 507 508 26
fc 8.35276489258 -3.82140388489 3.88075127602
fn 0.838161 -0.377145 0.394016
fv 75 502 512 511 510
fc 9.08154697418 -0.942093396187 4.03273468018
fn 0.910541 -0.097293 0.401807
fv 503 514 513 511 512
fc 8.5915063858 -1.03428692818 4.96773271561
fn 0.857931 -0.108912 0.502088
fv 513 514 515 519 518 517 25
fc 7.54304088865 -1.72130853789 6.21264723369
fn 0.756337 -0.190276 0.625898
fv 550 27 26 25 517 516 551
fc 7.2367407935 -3.86900448799 5.51349176679
fn 0.725092 -0.392623 0.565764
fv 516 517 518 73 78 79 77
fc 5.71019390651 -2.86723979882 7.57160827092
fn 0.581708 -0.297757 0.756939
fv 73 518 519 496 495 494 72
fc 6.25306177139 -1.02303854376 7.67036437988
fn 0.632996 -0.109933 0.766310
fv 520 521 523 490 491 492 460
fc 8.19199037552 3.99410806383 3.93096951076
fn 0.826813 0.396757 0.398702
fv 302 522 523 521 526
fc 7.73731164932 5.42660732269 3.19021520615
fn 0.778802 0.541737 0.316209
fv 525 524 21 20 303 302 526
fc 7.38426024573 6.38677569798 1.87831138713
fn 0.748382 0.636227 0.187457
fv 525 526 521 520 535 536
fc 8.4242579937 4.81890722116 2.13280852636
fn 0.853349 0.480125 0.203166
fv 37 38 528 527 816
fc 7.22401103973 6.22001466751 -2.90426716805
fn 0.725620 0.620625 -0.297153
fv 44 530 529 537 43
fc 8.69633102417 3.98632211685 -2.79982743263
fn 0.877397 0.399962 -0.264961
fv 529 530 531 301 288 527 528
fc 7.88104547773 4.65759904044 -3.83002560479
fn 0.783277 0.479994 -0.395073
fv 525 536 538 39 40 524
fc 8.01732333501 5.85635487239 0.191152599951
fn 0.815845 0.578045 0.016163
fv 539 540 541 532 231
fc 9.95995502472 -0.0812760174274 0.0839524298906
fn 0.999985 0.004713 0.002680
fv 537 538 536 535 534 533 532 541 542 43
fc 9.26480741501 2.83728544116 -0.0255077421665
fn 0.955097 0.296159 -0.008915
fv 548 547 249 248 554 555
fc 2.28740944465 -7.0116721789 6.7048842907
fn 0.240527 -0.705905 0.666217
fv 547 548 549 193 194 95 94
fc 1.16319817305 -6.60296378817 7.37784998757
fn 0.116739 -0.662837 0.739607
fv 559 560 561 157 158 0
fc 5.67844398816 -7.96416608493 1.89592983325
fn 0.571161 -0.799300 0.186802
fv 373 388 387 562 563
fc 8.55507526398 -4.83911838531 1.69775662422
fn 0.855695 -0.491662 0.161416
fv 507 564 565 563 562 237
fc 8.46171299616 -4.45125087102 2.82082684835
fn 0.846484 -0.448828 0.286387
fv 565 566 567 1 374 373 563
fc 7.61721161434 -5.86776917321 2.45085895061
fn 0.763958 -0.595304 0.248962
fv 557 558 600 599 569
fc 4.40108680725 -7.99506607056 4.00544805527
fn 0.442489 -0.798172 0.408809
fv 571 572 82 81 588 589
fc 1.48715349535 -9.79040781657 0.868300825357
fn 0.141636 -0.984979 0.098774
fv 574 575 570 571 589 590
fc -0.547039871415 -9.88766384125 0.68191930155
fn -0.057110 -0.994958 0.082437
fv 578 579 580 195 573
fc -3.73455638885 -9.19547748566 1.0159960866
fn -0.367332 -0.923621 0.109504
fv 576 592 591 581 582
fc -2.33366756439 -8.84285259247 3.97495465279
fn -0.231662 -0.891970 0.388229
fv 328 577 576 582 583 329
fc -3.73420802752 -8.40524458885 3.78010662397
fn -0.381388 -0.843569 0.378067
fv 583 584 585 332 331 329
fc -4.35099625587 -7.2693010966 5.18928670883
fn -0.447859 -0.729276 0.517281
fv 81 80 602 601 587 588
fc 2.82051602999 -9.2967300415 2.11957623561
fn 0.270993 -0.936428 0.222857
fv 590 589 588 587 586 252 253 591 592
fc 0.0796339213848 -9.15277269151 3.43511615859
fn 0.020625 -0.938181 0.345530
fv 594 593 259 258 271 270 595
fc 1.9275961348 -9.45706449236 -2.21401497296
fn 0.191597 -0.953212 -0.233832
fv 571 570 255 593 594 572
fc 0.691105424737 -9.90542332331 -0.656158740322
fn 0.070409 -0.995429 -0.064530
fv 154 598 597 596 595 270 269
fc 3.59600094387 -9.20306955065 -1.07077690297
fn 0.354275 -0.928488 -0.111346
fv 594 595 596 82 572
fc 2.14560871124 -9.72661266327 -0.421472764015
fn 0.213378 -0.975896 -0.045788
fv 600 601 602 133 561 560 599
fc 4.35229441098 -8.5654839107 2.5647256715
fn 0.432379 -0.862335 0.263490
fv 603 604 605 11 12 318
fc -0.110825633009 2.9596152703 9.51152880987
fn -0.009281 0.296340 0.955037
fv 79 78 610 609 619
fc 4.21945791245 -2.51092429161 8.67628135681
fn 0.421047 -0.253792 0.870810
fv 69 178 616 615
fc 3.10817331076 2.14885309339 9.23979830742
fn 0.307422 0.212490 0.927545
fv 177 605 604 618 617 616 178
fc 1.44403637733 2.11594856637 9.58488137381
fn 0.150478 0.208114 0.966460
fv 615 616 617 608 85 609 610 611 612 613 614
fc 3.62830571695 -0.14894666455 9.0678136999
fn 0.348081 -0.015916 0.937329
fv 607 608 617 618 315 606
fc 0.544568710029 0.177342758824 9.92413711548
fn 0.067559 0.011326 0.997651
fv 316 315 618 604 603
fc -0.0810247272253 1.57946557999 9.85136299133
fn -0.001293 0.155337 0.987861
fv 619 620 621 546 76 77 79
fc 3.74007678032 -4.01499949183 8.25010456358
fn 0.380738 -0.409353 0.829137
fv 546 621 622 191 544 545
fc 2.26069883506 -5.26363531748 8.15159249306
fn 0.238393 -0.519735 0.820393
fv 655 654 192 191 622 656
fc 0.952580908934 -5.08811680476 8.52652867635
fn 0.098422 -0.507879 0.855787
fv 623 624 625 91 326 325 324
fc -6.80263941629 -1.71465856688 7.05925825664
fn -0.679960 -0.176648 0.711653
fv 633 634 635 341 330 331 332 333 632
fc -6.44718678792 -4.94038677216 5.46186534564
fn -0.660748 -0.514245 0.546776
fv 641 640 669 665
fc -1.60211965442 -4.1512106657 8.94062018394
fn -0.161524 -0.415460 0.895155
fv 640 641 642 88 87 84 83 639
fc -0.573768839124 -3.21212938428 9.36160182953
fn -0.053115 -0.314434 0.947792
fv 317 645 644 606 315 316
fc -0.931129045784 0.722887614121 9.89241997401
fn -0.094724 0.060346 0.993673
fv 882 647 646 320 319 883
fc -2.65844138463 2.43938914935 9.27781613668
fn -0.271932 0.248071 0.929792
fv 871 648 647 882 872
fc -4.23968715668 2.48326640129 8.67773952484
fn -0.420707 0.245957 0.873219
fv 648 871 93 92 649
fc -5.25335693359 1.84465758801 8.28080310822
fn -0.521418 0.181241 0.833832
fv 625 624 652 651 650 627 626
fc -5.92346477509 -0.837107088151 7.93582384927
fn -0.587038 -0.083639 0.805227
fv 649 650 651 637 638 643 644 645 646 647 648
fc -3.3929749077 0.0303416060792 9.14058858698
fn -0.351591 -0.008476 0.936115
fv 636 637 651 652 629
fc -4.64917316437 -2.25613849163 8.5196855545
fn -0.457975 -0.218651 0.861656
fv 623 630 629 652 624
fc -5.60254535675 -2.4459905386 7.88287220001
fn -0.561376 -0.245428 0.790331
fv 653 654 655 642 641 665 664
fc -0.474112387214 -4.89214311327 8.66121046884
fn -0.051440 -0.491241 0.869503
fv 642 655 656 88
fc 0.403597429395 -4.36689901352 8.97513461113
fn 0.037447 -0.432104 0.901046
fv 30 585 584 657 658 29
fc -3.07256988684 -7.07731413841 6.27649013201
fn -0.304027 -0.712514 0.632370
fv 95 194 662 661 660
fc -0.0641307473183 -6.49590549469 7.58166074753
fn -0.007916 -0.653757 0.756663
fv 653 664 663 661 662
fc -0.728876632452 -5.8760720253 8.03493013382
fn -0.080275 -0.587903 0.804938
fv 663 664 665 669 668 667 28
fc -2.19474170889 -4.99280670711 8.29944079263
fn -0.232454 -0.504168 0.831733
fv 666 334 30 29 28 667
fc -3.55903971195 -5.72897601128 7.31155435244
fn -0.351935 -0.574674 0.738845
fv 666 667 668 636 629 630 631
fc -4.39635372162 -3.87597768647 8.0056048802
fn -0.436429 -0.393295 0.809227
fv 636 668 669 640 639 638 637
fc -2.75497892925 -3.11787676811 9.00886876243
fn -0.287316 -0.310641 0.906064
fv 670 671 672 98 99 706
fc -8.60779285431 -2.18152544896 -4.50523952643
fn -0.863667 -0.223684 -0.451713
fv 673 62 96 674
fc -9.2972779274 0.0884849503636 -3.65838623047
fn -0.929865 0.008518 -0.367802
fv 676 675 672 671 681 682
fc -9.28447834651 -2.06059296926 -2.91609128316
fn -0.933068 -0.214715 -0.288587
fv 674 675 676 102 908 907 906 673
fc -9.63675284386 -0.263402624056 -2.34876251221
fn -0.972711 -0.025417 -0.230625
fv 671 670 678 677 680 681
fc -8.49561580022 -3.63586521149 -3.68167646726
fn -0.858030 -0.365380 -0.360947
fv 102 676 682 683 101
fc -9.76130771637 -1.5570366621 -1.34588264227
fn -0.976134 -0.166757 -0.139122
fv 335 684 686 46 337 336
fc -9.67834266027 -1.88078989585 1.25878068805
fn -0.970856 -0.197172 0.136241
fv 685 686 684 683 682 681 680 689 690 693
fc -8.94124479294 -3.80490756035 -0.721414515376
fn -0.913765 -0.399759 -0.072298
fv 687 688 689 680 677
fc -7.98192777634 -5.09623022079 -3.10481414795
fn -0.806895 -0.509523 -0.298842
fv 343 685 693 692 344
fc -8.32402553558 -5.25722398758 1.58283557892
fn -0.842696 -0.516582 0.151682
fv 694 695 696 103 691 690 689 688
fc -7.24337095022 -6.51315754652 -1.80680738389
fn -0.739604 -0.645880 -0.189274
fv 48 345 699 700 51 50 49
fc -6.9178853035 -6.94862052373 1.73042925767
fn -0.691460 -0.697647 0.187541
fv 135 136 701 702 104 134
fc -6.80953033765 -7.30403828621 0.0119156911969
fn -0.680479 -0.732764 0.002386
fv 703 704 705 107 268 267 266
fc -1.37788271052 -7.00109325136 -6.94546863011
fn -0.140201 -0.705069 -0.695142
fv 706 707 708 679 678 670
fc -7.80670865377 -3.39396854242 -5.16877627373
fn -0.786774 -0.335378 -0.518178
fv 714 715 716 261 262 108
fc -2.33391302824 -8.52031930288 -4.5623716116
fn -0.227886 -0.861591 -0.453574
fv 717 718 719 400 258 259 260 261 716
fc 0.11163197375 -8.66860675812 -4.60844959153
fn 0.014728 -0.891592 -0.452600
fv 703 715 714 721 720 704
fc -2.5900290211 -7.52690259616 -5.97193360329
fn -0.270564 -0.753833 -0.598775
fv 110 722 721 714 108 109
fc -3.81656567256 -8.00701363881 -4.5153440237
fn -0.380531 -0.800627 -0.462809
fv 211 695 694 724 723 212
fc -6.00220036507 -7.17850494385 -3.3912320137
fn -0.607888 -0.716922 -0.341314
fv 688 687 725 724 694
fc -7.15986776352 -5.92422504425 -3.6051486969
fn -0.713739 -0.596632 -0.366889
fv 678 679 726 725 687 677
fc -7.61545864741 -4.67522795995 -4.39672454198
fn -0.761959 -0.473850 -0.441458
fv 679 708 727 726
fc -7.20580363274 -4.13208854198 -5.53835880756
fn -0.711934 -0.423843 -0.559916
fv 927 729 728 727 708 707 928
fc -6.54689141682 -3.26074688775 -6.72226381302
fn -0.662674 -0.329962 -0.672301
fv 726 727 728 710 713 712 720 721 722 723 724 725
fc -5.0642350316 -5.72162977854 -5.91847960154
fn -0.518361 -0.589655 -0.619361
fv 738 729 927 739
fc -5.59866726398 -2.8959710598 -7.75060784817
fn -0.562636 -0.288259 -0.774821
fv 728 729 738 709 710
fc -5.18533878326 -3.49840817451 -7.76993017197
fn -0.516536 -0.369660 -0.772361
fv 752 284 283 732 731 730 753
fc -2.79855925696 -2.00054406268 -9.2755821773
fn -0.280788 -0.199369 -0.938834
fv 162 735 734 733 732 283 282
fc -1.50149158069 -3.82628536224 -9.03254059383
fn -0.161647 -0.378257 -0.911478
fv 731 732 733 713 710 709
fc -3.64784797033 -3.80137991905 -8.4249552091
fn -0.362920 -0.386542 -0.847865
fv 713 733 734 105 711 712
fc -2.42048396667 -5.27370039622 -8.08653394381
fn -0.255470 -0.521673 -0.813998
fv 730 731 709 738 739 737
fc -4.73570664724 -2.60008992751 -8.36861721675
fn -0.467217 -0.258002 -0.845661
fv 744 743 747 746 756 757
fc -6.01560219129 2.0146318078 -7.68053515752
fn -0.597304 0.202262 -0.776092
fv 743 744 745 18 365 364 363
fc -7.11771965027 1.67082868304 -6.76920175552
fn -0.712430 0.170578 -0.680696
fv 761 762 763 173 174 2
fc -1.1388228933 3.70704122384 -9.18499787649
fn -0.110419 0.372271 -0.921532
fv 423 434 433 764 765
fc 1.39354366064 0.410839676857 -9.86152801514
fn 0.144746 0.051500 -0.988128
fv 278 766 767 765 764 277
fc 0.421817516287 -0.644020373623 -9.92678292592
fn 0.036829 -0.067008 -0.997073
fv 767 768 769 3 424 423 765
fc -0.103436716965 1.13414113862 -9.84870461055
fn -0.013751 0.114216 -0.993361
fv 759 760 797 796 771
fc -3.20874419212 3.13281359673 -8.91051197052
fn -0.325649 0.305214 -0.894873
fv 776 777 778 111 774 775 773
fc -3.59146506446 8.20654562541 -4.22227307728
fn -0.369622 0.824261 -0.428921
fv 776 786 785 781 780 777
fc -5.71635858218 7.06819645564 -3.97108324369
fn -0.576411 0.708847 -0.406554
fv 780 781 782 53 54 213
fc -6.59402314822 7.11920722326 -2.24584633112
fn -0.655134 0.718748 -0.232808
fv 53 782 913 52
fc -7.38430905342 6.42863857746 -2.00657489896
fn -0.736905 0.646036 -0.199017
fv 115 114 790 789 788 787 772
fc -3.90763282776 5.53661741529 -7.22343233653
fn -0.405733 0.564492 -0.718839
fv 786 787 788 748 749 750 751 909 785
fc -6.45825380749 4.65788282288 -5.72301880519
fn -0.648042 0.494615 -0.579135
fv 789 790 798 797 760 758
fc -3.73293415705 4.02266967297 -8.31171544393
fn -0.381941 0.404462 -0.830982
fv 791 792 793 115 772 773 775
fc -2.42515546935 7.35356576102 -6.16483170646
fn -0.248523 0.741970 -0.622669
fv 797 798 799 139 763 762 796
fc -2.32717721803 4.18516346387 -8.73620877947
fn -0.236819 0.417478 -0.877285
fv 800 801 802 118 298 297 296
fc 4.53029329436 8.47783960615 -2.60521050862
fn 0.453757 0.850759 -0.265167
fv 803 804 805 112 111 778 779
fc -3.07276289804 9.17194093977 -2.28885332176
fn -0.314217 0.920044 -0.234065
fv 811 812 813 291 292 119
fc 3.77668229739 7.5053598086 -5.31747674942
fn 0.385836 0.748390 -0.539484
fv 814 815 816 527 288 289 290 291 813
fc 5.84350352817 6.34278975593 -4.69195832147
fn 0.597108 0.633525 -0.492044
fv 800 812 811 818 817 801
fc 3.50861593088 8.46979506811 -3.87423817317
fn 0.342638 0.854084 -0.391330
fv 121 819 818 811 119 120
fc 2.29316119353 8.08009425799 -5.34089676539
fn 0.233847 0.815801 -0.528947
fv 225 792 791 821 820 226
fc -0.337897355358 8.08587710063 -5.78385972977
fn -0.041020 0.813139 -0.580622
fv 775 774 822 821 791
fc -1.8035020113 8.52943229675 -4.82506189346
fn -0.177823 0.855321 -0.486626
fv 112 805 824 823
fc -1.92330887914 9.45831537247 -2.56152319908
fn -0.183436 0.948709 -0.257494
fv 922 826 825 824 805 804 923
fc -1.48587004628 9.76933247702 -1.08417110784
fn -0.153602 0.981447 -0.114750
fv 823 824 825 807 810 809 817 818 819 820 821 822
fc 0.610695791741 9.1554201444 -3.0840357691
fn 0.071751 0.946608 -0.314301
fv 835 826 922 836
fc -0.619092203677 9.97320604324 -0.0803836092819
fn -0.064456 0.997883 -0.008633
fv 825 826 835 806 807
fc 0.00923603177071 9.96857376099 -0.443828272261
fn 0.010040 0.998091 -0.060938
fv 849 314 313 829 828 827 850
fc 1.61969826477 9.52066666739 2.17052051851
fn 0.164416 0.960933 0.222656
fv 186 832 831 830 829 313 312
fc 3.48409955842 9.24472972325 0.973146689989
fn 0.339605 0.935131 0.100988
fv 828 829 830 810 807 806
fc 1.57389090459 9.81500593821 0.0593060605073
fn 0.163842 0.986480 0.003729
fv 810 830 831 116 808 809
fc 3.18008939425 9.38650449117 -0.943449780112
fn 0.306152 0.947586 -0.091394
fv 827 828 806 835 836 834
fc 0.101726666093 9.94085931778 0.684822768439
fn 0.017162 0.996963 0.075967
fv 841 840 844 843 853 854
fc -3.38396636645 8.66536680857 3.57112089793
fn -0.333750 0.869601 0.363876
fv 840 841 842 24 351 350 349
fc -4.27475936072 8.66796534402 2.43690390246
fn -0.430450 0.867430 0.249554
fv 858 859 860 181 182 4
fc 0.0808259521921 6.85634120305 7.23950854937
fn 0.011139 0.685439 0.728045
fv 474 489 488 861 862
fc 3.97786617279 7.2443315506 5.58335151672
fn 0.396378 0.720647 0.568816
fv 308 863 864 862 861 307
fc 3.71642549833 8.05848709742 4.52599859238
fn 0.369343 0.812609 0.450836
fv 864 865 866 5 475 474 862
fc 2.41815413748 7.7049811227 5.7588328634
fn 0.240190 0.778283 0.580159
fv 856 857 888 887 868
fc -1.383013165 7.85660257339 5.99259614944
fn -0.137014 0.793310 0.593200
fv 359 360 875 876 356 357 358
fc -7.84655843462 4.80393392699 3.71187806129
fn -0.779817 0.490303 0.389214
fv 874 875 360 916 917 873
fc -8.23984940847 3.10414763292 4.63931171099
fn -0.823161 0.313766 0.473240
fv 124 123 881 880 879 878 869
fc -3.63356310981 6.11474405016 6.89847326279
fn -0.381865 0.613616 0.691125
fv 877 878 879 845 846 847 848 356 876
fc -5.71913295322 6.49999920527 4.57208376461
fn -0.586996 0.650181 0.482390
fv 880 881 889 888 857 855
fc -2.43049820264 7.36507423719 6.25207249324
fn -0.251220 0.739885 0.624066
fv 12 886 885 884 883 319 318
fc -1.58722397259 3.79545681817 9.0400988715
fn -0.166897 0.380208 0.909718
fv 882 883 884 124 869 870 872
fc -3.69022696359 4.01047158241 8.28109305246
fn -0.371549 0.408218 0.833852
fv 888 889 890 142 860 859 887
fc -1.26464446953 6.93890585218 7.03827837535
fn -0.128037 0.699021 0.703545
fv 893 894 873 917 918
fc -8.59802780151 1.70691604614 4.76229228973
fn -0.860904 0.174618 0.477862
fv 896 895 877 876 875 874 897
fc -6.77146509715 3.71423642976 6.16695008959
fn -0.685481 0.384750 0.618129
fv 871 872 870 895 896 93
fc -5.2983622551 3.11585565408 7.82711044947
fn -0.533664 0.319715 0.782933
fv 873 894 900 899 898 897 874
fc -7.6108608927 1.66914028781 6.15599393845
fn -0.765470 0.179295 0.617987
fv 896 897 898 628 92 93
fc -6.27514155706 1.9312065045 7.48732574781
fn -0.634257 0.202551 0.746117
fv 628 898 899 89 626 627
fc -6.73551313082 0.592757860819 7.32964658737
fn -0.673947 0.065823 0.735842
fv 904 905 919 918 917 916 915 914
fc -9.08876335621 2.34187731147 3.17177647352
fn -0.921538 0.242838 0.302982
fv 905 921 920 919
fc -9.4159424305 0.872373372316 3.22881019115
fn -0.943517 0.093779 0.317774
fv 902 903 125 907 908 901
fc -9.9166897138 0.495836739739 -0.554990674059
fn -0.996356 0.066442 -0.053470
fv 57 58 910 909 751
fc -8.13916606903 3.92049574852 -4.20338931084
fn -0.813383 0.402039 -0.420444
fv 911 912 913 782 781 785 909 910
fc -7.57452368736 5.64260548353 -2.9759991169
fn -0.761133 0.561745 -0.324222
fv 130 129 914 915 359 358
fc -8.65503501892 4.34975337982 2.2795445919
fn -0.875182 0.431713 0.218359
fv 892 893 918 919 920 891
fc -9.08234326045 0.796583558122 4.05261993408
fn -0.907425 0.084170 0.411699
fv 891 920 921 338 339
fc -9.35756702423 0.112907156348 3.4836294651
fn -0.939755 0.001704 0.341843
fv 216 926 925 924 923 804 803
fc -3.15890874181 9.42262390682 -0.326074238334
fn -0.310694 0.949785 -0.037126
fv 922 923 924 839 833 834 836
fc -1.45664435625 9.80546883174 0.740841056619
fn -0.151587 0.985351 0.078132
fv 839 924 925 22 837 838
fc -2.99276975791 9.42352867126 1.31671345234
fn -0.288034 0.949013 0.128105
fv 99 931 930 929 928 707 706
fc -7.61839893886 -1.76932994808 -6.11584663391
fn -0.763369 -0.184039 -0.619191
fv 927 928 929 742 736 737 739
fc -5.97604492732 -1.74693000317 -7.73648820605
fn -0.605591 -0.168967 -0.777631
fv 742 929 930 16 740 741
fc -6.93128530184 -0.321770801209 -7.15082041423
fn -0.691162 -0.044388 -0.721336
