10.0, 0.0, 0.0,
0.0, 2.2204460492503131e-15, -10.0,
0.0, 2.2204460492503131e-15, -10.0,
0.0, 10.0, 2.2204460492503131e-15,
0.0, 10.0, 2.2204460492503131e-15,
10.0, 0.0, 0.0,
0.0, 2.2204460492503131e-15, -10.0,
-10.0, 0.0, 0.0,
-10.0, 0.0, 0.0,
0.0, 10.0, 2.2204460492503131e-15,
-10.0, 0.0, 0.0,
0.0, -2.2204460492503131e-15, 10.0,
0.0, -2.2204460492503131e-15, 10.0,
0.0, 10.0, 2.2204460492503131e-15,
0.0, -2.2204460492503131e-15, 10.0,
10.0, 0.0, 0.0,
0.0, -10.0, -2.2204460492503131e-15,
0.0, 2.2204460492503131e-15, -10.0,
10.0, 0.0, 0.0,
0.0, -10.0, -2.2204460492503131e-15,
0.0, -10.0, -2.2204460492503131e-15,
-10.0, 0.0, 0.0,
0.0, -10.0, -2.2204460492503131e-15,
0.0, -2.2204460492503131e-15, 10.0
