10.0, -7.0710678100585938, -1.5700924582825668e-15,
-5.0, -7.0710678100585938, 8.6602535247802734,
-5.0, -7.0710678100585938, 8.6602535247802734,
-5.0, -7.0710678100585938, -8.6602535247802734,
-5.0, -7.0710678100585938, -8.6602535247802734,
10.0, -7.0710678100585938, -1.5700924582825668e-15,
10.0, -7.0710678100585938, -1.5700924582825668e-15,
0.0, 7.0710678100585938, 1.5700924582825668e-15,
0.0, 7.0710678100585938, 1.5700924582825668e-15,
-5.0, -7.0710678100585938, 8.6602535247802734,
-5.0, -7.0710678100585938, -8.6602535247802734,
0.0, 7.0710678100585938, 1.5700924582825668e-15