125 0 0 0
250 55 45 125
375 67 45 125
500 55 45 125
625 57 56 125
750 67 45 125
875 69 56 125
1000 55 45 125
1125 57 56 125
1250 67 45 125
1375 69 56 125
1500 62 39 125
1625 64 52 125
1750 55 45 125
1875 57 56 125
2000 50 39 125
2125 52 52 125
2250 64 59 125
2375 65 61 125
2500 45 42 125
2625 67 45 125
2750 69 56 125
2875 62 39 125
3000 64 52 125
3125 76 59 125
3250 77 61 125
3375 57 42 125
3500 55 45 125
3625 57 56 125
3750 50 39 125
3875 52 52 125
4000 64 59 125
4125 65 61 125
4250 45 42 125
4375 59 49 125
4500 67 45 125
4625 69 56 125
4750 62 39 125
4875 64 52 125
5000 76 59 125
5125 77 61 125
5250 57 42 125
5375 71 49 125
5500 55 45 125
5625 57 56 125
5750 50 39 125
5875 52 52 125
6000 64 59 125
6125 65 61 125
6250 45 42 125
6375 59 49 125
6500 60 5 125
6625 69 70 125
6750 67 45 125
6875 69 56 125
7000 62 39 125
7125 64 52 125
7250 76 59 125
7375 77 61 125
7500 57 42 125
7625 71 49 125
7750 72 5 125
7875 81 70 125
8000 55 45 125
8125 57 56 125
8250 50 39 125
8375 52 52 125
8500 64 59 125
8625 65 61 125
8750 45 42 125
8875 59 49 125
9000 60 5 125
9125 69 70 125
9250 62 74 125
9375 67 45 125
9500 69 56 125
9625 62 39 125
9750 64 52 125
9875 76 59 125
10000 77 61 125
10125 57 42 125
10250 71 49 125
10375 72 5 125
10500 81 70 125
10625 74 74 125
10750 55 45 125
10875 57 56 125
11000 50 39 125
11125 52 52 125
11250 64 59 125
11375 65 61 125
11500 45 42 125
11625 59 49 125
11750 60 5 125
11875 69 70 125
12000 62 74 125
12125 67 45 125
12250 69 56 125
12375 62 39 125
12500 64 52 125
12625 76 59 125
12750 77 61 125
12875 57 42 125
13000 71 49 125
13125 72 5 125
13250 81 70 125
13375 74 74 125
13500 55 45 125
13625 57 56 125
13750 50 39 125
13875 52 52 125
14000 64 59 125
14125 65 61 125
14250 45 42 125
14375 59 49 125
14500 60 5 125
14625 69 70 125
14750 62 74 125
14875 67 45 125
15000 69 56 125
15125 62 39 125
15250 64 52 125
15375 76 59 125
15500 77 61 125
15625 57 42 125
15750 71 49 125
15875 72 5 125
16000 81 70 125
16125 74 74 125
16250 55 45 125
16375 57 56 125
16500 50 39 125
16625 52 52 125
16750 64 59 125
16875 65 61 125
17000 45 42 125
17125 59 49 125
17250 60 5 125
17375 69 70 125
17500 62 74 125
17625 67 45 125
17750 69 56 125
17875 62 39 125
18000 64 52 125
18125 76 59 125
18250 77 61 125
18375 57 42 125
18500 71 49 125
18625 72 5 125
18750 81 70 125
18875 74 74 125
19000 59 53 125
19125 55 60 125
19250 55 45 125
19375 57 56 125
19500 50 39 125
19625 52 52 125
19750 64 59 125
19875 65 61 125
20000 45 42 125
20125 59 49 125
20250 60 5 125
20375 69 70 125
20500 62 74 125
20625 47 53 125
20750 43 60 125
20875 67 45 125
21000 69 56 125
21125 62 39 125
21250 64 52 125
21375 76 59 125
21500 77 61 125
21625 57 42 125
21750 71 49 125
21875 72 5 125
22000 81 70 125
22125 74 74 125
22250 59 53 125
22375 55 60 125
22500 55 45 125
22625 57 56 125
22750 50 39 125
22875 52 52 125
23000 64 59 125
23125 65 61 125
23250 45 42 125
23375 59 49 125
23500 60 5 125
23625 69 70 125
23750 62 74 125
23875 47 53 125
24000 43 60 125
24125 53 87 125
24250 67 45 125
24375 69 56 125
24500 62 39 125
24625 64 52 125
24750 76 59 125
24875 77 61 125
25000 57 42 125
25125 71 49 125
25250 72 5 125
25375 81 70 125
25500 74 74 125
25625 59 53 125
25750 55 60 125
25875 65 87 125
26000 55 45 125
26125 57 56 125
26250 50 39 125
26375 52 52 125
26500 64 59 125
26625 65 61 125
26750 45 42 125
26875 59 49 125
27000 60 5 125
27125 69 70 125
27250 62 74 125
27375 47 53 125
27500 43 60 125
27625 53 87 125
27750 67 45 125
27875 69 56 125
28000 62 39 125
28125 64 52 125
28250 76 59 125
28375 77 61 125
28500 57 42 125
28625 71 49 125
28750 72 5 125
28875 81 70 125
29000 74 74 125
29125 59 53 125
29250 55 60 125
29375 65 87 125
29500 55 45 125
29625 57 56 125
29750 50 39 125
29875 52 52 125
30000 64 59 125
30125 65 61 125
30250 45 42 125
30375 59 49 125
30500 60 5 125
30625 69 70 125
30750 62 74 125
30875 47 53 125
31000 43 60 125
31125 53 87 125
31250 67 45 125
31375 69 56 125
31500 62 39 125
31625 64 52 125
31750 76 59 125
31875 77 61 125
32000 57 42 125
32125 71 49 125
32250 72 5 125
32375 81 70 125
32500 74 74 125
32625 59 53 125
32750 55 60 125
32875 65 87 125
33000 55 45 125
33125 57 56 125
33250 50 39 125
33375 52 52 125
33500 64 59 125
33625 65 61 125
33750 45 42 125
33875 59 49 125
34000 60 5 125
34125 69 70 125
34250 62 74 125
34375 47 53 125
34500 43 60 125
34625 53 87 125
34750 67 45 125
34875 69 56 125
35000 62 39 125
35125 64 52 125
35250 76 59 125
35375 77 61 125
35500 57 42 125
35625 71 49 125
35750 72 5 125
35875 81 70 125
36000 74 74 125
36125 59 53 125
36250 55 60 125
36375 65 87 125
36500 55 45 125
36625 57 56 125
36750 50 39 125
36875 52 52 125
37000 64 59 125
37125 65 61 125
37250 45 42 125
37375 59 49 125
37500 60 5 125
37625 69 70 125
37750 62 74 125
37875 47 53 125
38000 43 60 125
38125 53 87 125
38250 41 38 125
38375 67 45 125
38500 69 56 125
38625 62 39 125
38750 64 52 125
38875 76 59 125
39000 77 61 125
39125 57 42 125
39250 71 49 125
39375 72 5 125
39500 81 70 125
39625 74 74 125
39750 59 53 125
39875 55 60 125
40000 65 87 125
40125 53 38 125
40250 55 45 125
40375 57 56 125
40500 50 39 125
40625 52 52 125
40750 64 59 125
40875 65 61 125
41000 45 42 125
41125 59 49 125
41250 60 5 125
41375 69 70 125
41500 62 74 125
41625 47 53 125
41750 43 60 125
41875 53 87 125
42000 41 38 125
42125 38 83 125
42250 67 45 125
42375 69 56 125
42500 62 39 125
42625 64 52 125
42750 76 59 125
42875 77 61 125
43000 57 42 125
43125 71 49 125
43250 72 5 125
43375 81 70 125
43500 74 74 125
43625 59 53 125
43750 55 60 125
43875 65 87 125
44000 53 38 125
44125 50 83 125
44250 55 45 125
44375 57 56 125
44500 50 39 125
44625 52 52 125
44750 64 59 125
44875 65 61 125
45000 45 42 125
45125 59 49 125
45250 60 5 125
45375 69 70 125
45500 62 74 125
45625 47 53 125
45750 43 60 125
45875 53 87 125
46000 41 38 125
46125 38 83 125
46250 35 55 125
46375 67 45 125
46500 69 56 125
46625 62 39 125
46750 64 52 125
46875 76 59 125
47000 77 61 125
47125 57 42 125
47250 71 49 125
47375 72 5 125
47500 81 70 125
47625 74 74 125
47750 59 53 125
47875 55 60 125
48000 65 87 125
48125 53 38 125
48250 50 83 125
48375 47 55 125
48500 52 44 125
48625 55 45 125
48750 57 56 125
48875 50 39 125
49000 52 52 125
49125 64 59 125
49250 65 61 125
49375 45 42 125
49500 59 49 125
49625 60 5 125
49750 69 70 125
49875 62 74 125
50000 47 53 125
50125 43 60 125
50250 53 87 125
50375 41 38 125
50500 38 83 125
50625 35 55 125
50750 40 44 125
50875 48 35 125
51000 67 45 125
51125 69 56 125
51250 62 39 125
51375 64 52 125
51500 76 59 125
51625 77 61 125
51750 57 42 125
51875 71 49 125
52000 72 5 125
52125 81 70 125
52250 74 74 125
52375 59 53 125
52500 55 60 125
52625 65 87 125
52750 53 38 125
52875 50 83 125
53000 47 55 125
53125 52 44 125
53250 60 35 125
53375 55 45 125
53500 57 56 125
53625 50 39 125
53750 52 52 125
53875 64 59 125
54000 65 61 125
54125 45 42 125
54250 59 49 125
54375 60 5 125
54500 69 70 125
54625 62 74 125
54750 47 53 125
54875 43 60 125
55000 53 87 125
55125 41 38 125
55250 38 83 125
55375 35 55 125
55500 40 44 125
55625 48 35 125
55750 67 45 125
55875 69 56 125
56000 62 39 125
56125 64 52 125
56250 76 59 125
56375 77 61 125
56500 57 42 125
56625 71 49 125
56750 72 5 125
56875 81 70 125
57000 74 74 125
57125 59 53 125
57250 55 60 125
57375 65 87 125
57500 53 38 125
57625 50 83 125
57750 47 55 125
57875 52 44 125
58000 60 35 125
58125 55 45 125
58250 57 56 125
58375 50 39 125
58500 52 52 125
58625 64 59 125
58750 65 61 125
58875 45 42 125
59000 59 49 125
59125 60 5 125
59250 69 70 125
59375 62 74 125
59500 47 53 125
59625 43 60 125
59750 53 87 125
59875 41 38 125
60000 38 83 125
60125 35 55 125
60250 40 44 125
60375 48 35 125
60500 67 45 125
60625 69 56 125
60750 62 39 125
60875 64 52 125
61000 76 59 125
61125 77 61 125
61250 57 42 125
61375 71 49 125
61500 72 5 125
61625 81 70 125
61750 74 74 125
61875 59 53 125
62000 55 60 125
62125 65 87 125
62250 53 38 125
62375 50 83 125
62500 47 55 125
62625 52 44 125
62750 60 35 125
62875 55 45 125
63000 57 56 125
63125 50 39 125
63250 52 52 125
63375 64 59 125
63500 65 61 125
63625 45 42 125
63750 59 49 125
63875 60 5 125
64000 69 70 125
64125 62 74 125
64250 47 53 125
64375 43 60 125
64500 53 87 125
64625 41 38 125
64750 38 83 125
64875 35 55 125
65000 40 44 125
65125 48 35 125
65250 67 45 125
65375 69 56 125
65500 62 39 125
65625 64 52 125
65750 76 59 125
65875 77 61 125
66000 57 42 125
66125 71 49 125
66250 72 5 125
66375 81 70 125
66500 74 74 125
66625 59 53 125
66750 55 60 125
66875 65 87 125
67000 53 38 125
67125 50 83 125
67250 47 55 125
67375 52 44 125
67500 60 35 125
67625 55 45 125
67750 57 56 125
67875 50 39 125
68000 52 52 125
68125 64 59 125
68250 65 61 125
68375 45 42 125
68500 59 49 125
68625 60 5 125
68750 69 70 125
68875 62 74 125
69000 47 53 125
69125 43 60 125
69250 53 87 125
69375 41 38 125
69500 38 83 125
69625 35 55 125
69750 40 44 125
69875 48 35 125
70000 71 54 125
70125 67 45 125
70250 69 56 125
70375 62 39 125
70500 64 52 125
70625 76 59 125
70750 77 61 125
70875 57 42 125
71000 71 49 125
71125 72 5 125
71250 81 70 125
71375 74 74 125
71500 59 53 125
71625 55 60 125
71750 65 87 125
71875 53 38 125
72000 50 83 125
72125 47 55 125
72250 52 44 125
72375 60 35 125
72500 83 54 125
72625 55 45 125
72750 57 56 125
72875 50 39 125
73000 52 52 125
73125 64 59 125
73250 65 61 125
73375 45 42 125
73500 59 49 125
73625 60 5 125
73750 69 70 125
73875 62 74 125
74000 47 53 125
74125 43 60 125
74250 53 87 125
74375 41 38 125
74500 38 83 125
74625 35 55 125
74750 40 44 125
74875 48 35 125
75000 71 54 125
75125 67 45 125
75250 69 56 125
75375 62 39 125
75500 64 52 125
75625 76 59 125
75750 77 61 125
75875 57 42 125
76000 71 49 125
76125 72 5 125
76250 81 70 125
76375 74 74 125
76500 59 53 125
76625 55 60 125
76750 65 87 125
76875 53 38 125
77000 50 83 125
77125 47 55 125
77250 52 44 125
77375 60 35 125
77500 83 54 125
77625 55 45 125
77750 57 56 125
77875 50 39 125
78000 52 52 125
78125 64 59 125
78250 65 61 125
78375 45 42 125
78500 59 49 125
78625 60 5 125
78750 69 70 125
78875 62 74 125
79000 47 53 125
79125 43 60 125
79250 53 87 125
79375 41 38 125
79500 38 83 125
79625 35 55 125
79750 40 44 125
79875 48 35 125
80000 71 54 125
80125 67 45 125
80250 69 56 125
80375 62 39 125
80500 64 52 125
80625 76 59 125
80750 77 61 125
80875 57 42 125
81000 71 49 125
81125 72 5 125
81250 81 70 125
81375 74 74 125
81500 59 53 125
81625 55 60 125
81750 65 87 125
81875 53 38 125
82000 50 83 125
82125 47 55 125
82250 52 44 125
82375 60 35 125
82500 83 54 125
82625 55 45 125
82750 57 56 125
82875 50 39 125
83000 52 52 125
83125 64 59 125
83250 65 61 125
83375 45 42 125
83500 59 49 125
83625 60 5 125
83750 69 70 125
83875 62 74 125
84000 47 53 125
84125 43 60 125
84250 53 87 125
84375 41 38 125
84500 38 83 125
84625 35 55 125
84750 40 44 125
84875 48 35 125
85000 71 54 125
85125 67 45 125
85250 69 56 125
85375 62 39 125
85500 64 52 125
85625 76 59 125
85750 77 61 125
85875 57 42 125
86000 71 49 125
86125 72 5 125
86250 81 70 125
86375 74 74 125
86500 59 53 125
86625 55 60 125
86750 65 87 125
86875 53 38 125
87000 50 83 125
87125 47 55 125
87250 52 44 125
87375 60 35 125
87500 83 54 125
87625 55 45 125
87750 57 56 125
87875 50 39 125
88000 52 52 125
88125 64 59 125
88250 65 61 125
88375 45 42 125
88500 59 49 125
88625 60 5 125
88750 69 70 125
88875 62 74 125
89000 47 53 125
89125 43 60 125
89250 53 87 125
89375 41 38 125
89500 38 83 125
89625 35 55 125
89750 40 44 125
89875 48 35 125
90000 71 54 125
90125 67 45 125
90250 69 56 125
90375 62 39 125
90500 64 52 125
90625 76 59 125
90750 77 61 125
90875 57 42 125
91000 71 49 125
91125 72 5 125
91250 81 70 125
91375 74 74 125
91500 59 53 125
91625 55 60 125
91750 65 87 125
91875 53 38 125
92000 50 83 125
92125 47 55 125
92250 52 44 125
92375 60 35 125
92500 83 54 125
92625 55 45 125
92750 57 56 125
92875 50 39 125
93000 52 52 125
93125 64 59 125
93250 65 61 125
93375 45 42 125
93500 59 49 125
93625 60 5 125
93750 69 70 125
93875 62 74 125
94000 47 53 125
94125 43 60 125
94250 53 87 125
94375 41 38 125
94500 38 83 125
94625 35 55 125
94750 40 44 125
94875 48 35 125
95000 71 54 125
95125 67 45 125
95250 69 56 125
95375 62 39 125
95500 64 52 125
95625 76 59 125
95750 77 61 125
95875 57 42 125
96000 71 49 125
96125 72 5 125
96250 81 70 125
96375 74 74 125
96500 59 53 125
96625 55 60 125
96750 65 87 125
96875 53 38 125
97000 50 83 125
97125 47 55 125
97250 52 44 125
97375 60 35 125
97500 83 54 125
97625 55 45 125
97750 57 56 125
97875 50 39 125
98000 52 52 125
98125 64 59 125
98250 65 61 125
98375 45 42 125
98500 59 49 125
98625 60 5 125
98750 69 70 125
98875 62 74 125
99000 47 53 125
99125 43 60 125
99250 53 87 125
99375 41 38 125
99500 38 83 125
99625 35 55 125
99750 40 44 125
99875 48 35 125
100000 71 54 125
100125 33 73 125
100250 36 37 125
100375 31 66 125
100500 67 45 125
100625 69 56 125
100750 62 39 125
100875 64 52 125
101000 76 59 125
101125 77 61 125
101250 57 42 125
101375 71 49 125
101500 72 5 125
101625 81 70 125
101750 74 74 125
101875 59 53 125
102000 55 60 125
102125 65 87 125
102250 53 38 125
102375 50 83 125
102500 47 55 125
102625 52 44 125
102750 60 35 125
102875 83 54 125
103000 45 73 125
103125 48 37 125
103250 43 66 125
103375 55 45 125
103500 57 56 125
103625 50 39 125
103750 52 52 125
103875 64 59 125
104000 65 61 125
104125 45 42 125
104250 59 49 125
104375 60 5 125
104500 69 70 125
104625 62 74 125
104750 47 53 125
104875 43 60 125
105000 53 87 125
105125 41 38 125
105250 38 83 125
105375 35 55 125
105500 40 44 125
105625 48 35 125
105750 71 54 125
105875 33 73 125
106000 36 37 125
106125 31 66 125
106250 67 45 125
106375 69 56 125
106500 62 39 125
106625 64 52 125
106750 76 59 125
106875 77 61 125
107000 57 42 125
107125 71 49 125
107250 72 5 125
107375 81 70 125
107500 74 74 125
107625 59 53 125
107750 55 60 125
107875 65 87 125
108000 53 38 125
108125 50 83 125
108250 47 55 125
108375 52 44 125
108500 60 35 125
108625 83 54 125
108750 45 73 125
108875 48 37 125
109000 43 66 125
109125 55 45 125
109250 57 56 125
109375 50 39 125
109500 52 52 125
109625 64 59 125
109750 65 61 125
109875 45 42 125
110000 59 49 125
110125 60 5 125
110250 69 70 125
110375 62 74 125
110500 47 53 125
110625 43 60 125
110750 53 87 125
110875 41 38 125
111000 38 83 125
111125 35 55 125
111250 40 44 125
111375 48 35 125
111500 71 54 125
111625 33 73 125
111750 36 37 125
111875 31 66 125
112000 67 45 125
112125 69 56 125
112250 62 39 125
112375 64 52 125
112500 76 59 125
112625 77 61 125
112750 57 42 125
112875 71 49 125
113000 72 5 125
113125 81 70 125
113250 74 74 125
113375 59 53 125
113500 55 60 125
113625 65 87 125
113750 53 38 125
113875 50 83 125
114000 47 55 125
114125 52 44 125
114250 60 35 125
114375 83 54 125
114500 45 73 125
114625 48 37 125
114750 43 66 125
114875 55 45 125
115000 57 56 125
115125 50 39 125
115250 52 52 125
115375 64 59 125
115500 65 61 125
115625 45 42 125
115750 59 49 125
115875 60 5 125
116000 69 70 125
116125 62 74 125
116250 47 53 125
116375 43 60 125
116500 53 87 125
116625 41 38 125
116750 38 83 125
116875 35 55 125
117000 40 44 125
117125 48 35 125
117250 71 54 125
117375 33 73 125
117500 36 37 125
117625 31 66 125
117750 67 45 125
117875 69 56 125
118000 62 39 125
118125 64 52 125
118250 76 59 125
118375 77 61 125
118500 57 42 125
118625 71 49 125
118750 72 5 125
118875 81 70 125
119000 74 74 125
119125 59 53 125
119250 55 60 125
119375 65 87 125
119500 53 38 125
119625 50 83 125
119750 47 55 125
119875 52 44 125
120000 60 35 125
120125 83 54 125
120250 45 73 125
120375 48 37 125
120500 43 66 125
120625 55 45 125
120750 57 56 125
120875 50 39 125
121000 52 52 125
121125 64 59 125
121250 65 61 125
121375 45 42 125
121500 59 49 125
121625 60 5 125
121750 69 70 125
121875 62 74 125
122000 47 53 125
122125 43 60 125
122250 53 87 125
122375 41 38 125
122500 38 83 125
122625 35 55 125
122750 40 44 125
122875 48 35 125
123000 71 54 125
123125 33 73 125
123250 36 37 125
123375 31 66 125
123500 67 45 125
123625 69 56 125
123750 62 39 125
123875 64 52 125
124000 76 59 125
124125 77 61 125
124250 57 42 125
124375 71 49 125
124500 72 5 125
124625 81 70 125
124750 74 74 125
124875 59 53 125
125000 55 60 125
125125 65 87 125
125250 53 38 125
125375 50 83 125
125500 47 55 125
125625 52 44 125
125750 60 35 125
125875 83 54 125
126000 45 73 125
126125 48 37 125
126250 43 66 125
126375 55 45 125
126500 57 56 125
126625 50 39 125
126750 52 52 125
126875 64 59 125
127000 65 61 125
127125 45 42 125
127250 59 49 125
127375 60 5 125
127500 69 70 125
127625 62 74 125
127750 47 53 125
127875 43 60 125
128000 53 87 125
128125 41 38 125
128250 38 83 125
128375 35 55 125
128500 40 44 125
128625 48 35 125
128750 71 54 125
128875 33 73 125
129000 36 37 125
129125 31 66 125
129250 67 45 125
129375 69 56 125
129500 62 39 125
129625 64 52 125
129750 76 59 125
129875 77 61 125
130000 57 42 125
130125 71 49 125
130250 72 5 125
130375 81 70 125
130500 74 74 125
130625 59 53 125
130750 55 60 125
130875 65 87 125
131000 53 38 125
131125 50 83 125
131250 47 55 125
131375 52 44 125
131500 60 35 125
131625 83 54 125
131750 45 73 125
131875 48 37 125
132000 43 66 125
132125 55 45 125
132250 57 56 125
132375 50 39 125
132500 52 52 125
132625 64 59 125
132750 65 61 125
132875 45 42 125
133000 59 49 125
133125 60 5 125
133250 69 70 125
133375 62 74 125
133500 47 53 125
133625 43 60 125
133750 53 87 125
133875 41 38 125
134000 38 83 125
134125 35 55 125
134250 40 44 125
134375 48 35 125
134500 71 54 125
134625 33 73 125
134750 36 37 125
134875 31 66 125
135000 67 45 125
135125 69 56 125
135250 62 39 125
135375 64 52 125
135500 76 59 125
135625 77 61 125
135750 57 42 125
135875 71 49 125
136000 72 5 125
136125 81 70 125
136250 74 74 125
136375 59 53 125
136500 55 60 125
136625 65 87 125
136750 53 38 125
136875 50 83 125
137000 47 55 125
137125 52 44 125
137250 60 35 125
137375 83 54 125
137500 45 73 125
137625 48 37 125
137750 43 66 125
137875 55 45 125
138000 57 56 125
138125 50 39 125
138250 52 52 125
138375 64 59 125
138500 65 61 125
138625 45 42 125
138750 59 49 125
138875 60 5 125
139000 69 70 125
139125 62 74 125
139250 47 53 125
139375 43 60 125
139500 53 87 125
139625 41 38 125
139750 38 83 125
139875 35 55 125
140000 40 44 125
140125 48 35 125
140250 71 54 125
140375 33 73 125
140500 36 37 125
140625 31 66 125
140750 67 45 125
140875 69 56 125
141000 62 39 125
141125 64 52 125
141250 76 59 125
141375 77 61 125
141500 57 42 125
141625 71 49 125
141750 72 5 125
141875 81 70 125
142000 74 74 125
142125 59 53 125
142250 55 60 125
142375 65 87 125
142500 53 38 125
142625 50 83 125
142750 47 55 125
142875 52 44 125
143000 60 35 125
143125 83 54 125
143250 45 73 125
143375 48 37 125
143500 43 66 125
143625 55 45 125
143750 57 56 125
143875 50 39 125
144000 52 52 125
144125 64 59 125
144250 65 61 125
144375 45 42 125
144500 59 49 125
144625 60 5 125
144750 69 70 125
144875 62 74 125
145000 47 53 125
145125 43 60 125
145250 53 87 125
145375 41 38 125
145500 38 83 125
145625 35 55 125
145750 40 44 125
145875 48 35 125
146000 71 54 125
146125 33 73 125
146250 36 37 125
146375 31 66 125
146500 67 45 125
146625 69 56 125
146750 62 39 125
146875 64 52 125
147000 76 59 125
147125 77 61 125
147250 57 42 125
147375 71 49 125
147500 72 5 125
147625 81 70 125
147750 74 74 125
147875 59 53 125
148000 55 60 125
148125 65 87 125
148250 53 38 125
148375 50 83 125
148500 47 55 125
148625 52 44 125
148750 60 35 125
148875 83 54 125
149000 45 73 125
149125 48 37 125
149250 43 66 125
149375 55 45 125
149500 57 56 125
149625 50 39 125
149750 52 52 125
149875 64 59 125
150000 65 61 125
150125 45 42 125
150250 59 49 125
150375 60 5 125
150500 69 70 125
150625 62 74 125
150750 47 53 125
150875 43 60 125
151000 53 87 125
151125 41 38 125
151250 38 83 125
151375 35 55 125
151500 40 44 125
151625 48 35 125
151750 71 54 125
151875 33 73 125
152000 36 37 125
152125 31 66 125
152250 67 45 125
152375 69 56 125
152500 62 39 125
152625 64 52 125
152750 76 59 125
152875 77 61 125
153000 57 42 125
153125 71 49 125
153250 72 5 125
153375 81 70 125
153500 74 74 125
153625 59 53 125
153750 55 60 125
153875 65 87 125
154000 53 38 125
154125 50 83 125
154250 47 55 125
154375 52 44 125
154500 60 35 125
154625 83 54 125
154750 45 73 125
154875 48 37 125
155000 43 66 125
155125 55 45 125
155250 57 56 125
155375 50 39 125
155500 52 52 125
155625 64 59 125
155750 65 61 125
155875 45 42 125
156000 59 49 125
156125 60 5 125
156250 69 70 125
156375 62 74 125
156500 47 53 125
156625 43 60 125
156750 53 87 125
156875 41 38 125
157000 38 83 125
157125 35 55 125
157250 40 44 125
157375 48 35 125
157500 71 54 125
157625 33 73 125
157750 36 37 125
157875 31 66 125
158000 67 45 125
158125 69 56 125
158250 62 39 125
158375 64 52 125
158500 76 59 125
158625 77 61 125
158750 57 42 125
158875 71 49 125
159000 72 5 125
159125 81 70 125
159250 74 74 125
159375 59 53 125
159500 55 60 125
159625 65 87 125
159750 53 38 125
159875 50 83 125
160000 47 55 125
160125 52 44 125
160250 60 35 125
160375 83 54 125
160500 45 73 125
160625 48 37 125
160750 43 66 125
160875 41 36 125
161000 55 45 125
161125 57 56 125
161250 50 39 125
161375 52 52 125
161500 64 59 125
161625 65 61 125
161750 45 42 125
161875 59 49 125
162000 60 5 125
162125 69 70 125
162250 62 74 125
162375 47 53 125
162500 43 60 125
162625 53 87 125
162750 41 38 125
162875 38 83 125
163000 35 55 125
163125 40 44 125
163250 48 35 125
163375 71 54 125
163500 33 73 125
163625 36 37 125
163750 31 66 125
163875 29 36 125
164000 67 45 125
164125 69 56 125
164250 62 39 125
164375 64 52 125
164500 76 59 125
164625 77 61 125
164750 57 42 125
164875 71 49 125
165000 72 5 125
165125 81 70 125
165250 74 74 125
165375 59 53 125
165500 55 60 125
165625 65 87 125
165750 53 38 125
165875 50 83 125
166000 47 55 125
166125 52 44 125
166250 60 35 125
166375 83 54 125
166500 45 73 125
166625 48 37 125
166750 43 66 125
166875 41 36 125
167000 55 45 125
167125 57 56 125
167250 50 39 125
167375 52 52 125
167500 64 59 125
167625 65 61 125
167750 45 42 125
167875 59 49 125
168000 60 5 125
168125 69 70 125
168250 62 74 125
168375 47 53 125
168500 43 60 125
168625 53 87 125
168750 41 38 125
168875 38 83 125
169000 35 55 125
169125 40 44 125
169250 48 35 125
169375 71 54 125
169500 33 73 125
169625 36 37 125
169750 31 66 125
169875 29 36 125
170000 67 45 125
170125 69 56 125
170250 62 39 125
170375 64 52 125
170500 76 59 125
170625 77 61 125
170750 57 42 125
170875 71 49 125
171000 72 5 125
171125 81 70 125
171250 74 74 125
171375 59 53 125
171500 55 60 125
171625 65 87 125
171750 53 38 125
171875 50 83 125
172000 47 55 125
172125 52 44 125
172250 60 35 125
172375 83 54 125
172500 45 73 125
172625 48 37 125
172750 43 66 125
172875 41 36 125
173000 55 45 125
173125 57 56 125
173250 50 39 125
173375 52 52 125
173500 64 59 125
173625 65 61 125
173750 45 42 125
173875 59 49 125
174000 60 5 125
174125 69 70 125
174250 62 74 125
174375 47 53 125
174500 43 60 125
174625 53 87 125
174750 41 38 125
174875 38 83 125
175000 35 55 125
175125 40 44 125
175250 48 35 125
175375 71 54 125
175500 33 73 125
175625 36 37 125
175750 31 66 125
175875 29 36 125
176000 67 54 125
176125 67 45 125
176250 69 56 125
176375 62 39 125
176500 64 52 125
176625 76 59 125
176750 77 61 125
176875 57 42 125
177000 71 49 125
177125 72 5 125
177250 81 70 125
177375 74 74 125
177500 59 53 125
177625 55 60 125
177750 65 87 125
177875 53 38 125
178000 50 83 125
178125 47 55 125
178250 52 44 125
178375 60 35 125
178500 83 54 125
178625 45 73 125
178750 48 37 125
178875 43 66 125
179000 41 36 125
179125 79 54 125
179250 86 62 125
179375 55 45 125
179500 57 56 125
179625 50 39 125
179750 52 52 125
179875 64 59 125
180000 65 61 125
180125 45 42 125
180250 59 49 125
180375 60 5 125
180500 69 70 125
180625 62 74 125
180750 47 53 125
180875 43 60 125
181000 53 87 125
181125 41 38 125
181250 38 83 125
181375 35 55 125
181500 40 44 125
181625 48 35 125
181750 71 54 125
181875 33 73 125
182000 36 37 125
182125 31 66 125
182250 29 36 125
182375 67 54 125
182500 74 62 125
182625 76 89 125
182750 67 45 125
182875 69 56 125
183000 62 39 125
183125 64 52 125
183250 76 59 125
183375 77 61 125
183500 57 42 125
183625 71 49 125
183750 72 5 125
183875 81 70 125
184000 74 74 125
184125 59 53 125
184250 55 60 125
184375 65 87 125
184500 53 38 125
184625 50 83 125
184750 47 55 125
184875 52 44 125
185000 60 35 125
185125 83 54 125
185250 45 73 125
185375 48 37 125
185500 43 66 125
185625 41 36 125
185750 79 54 125
185875 86 62 125
186000 88 89 125
186125 55 45 125
186250 57 56 125
186375 50 39 125
186500 52 52 125
186625 64 59 125
186750 65 61 125
186875 45 42 125
187000 59 49 125
187125 60 5 125
187250 69 70 125
187375 62 74 125
187500 47 53 125
187625 43 60 125
187750 53 87 125
187875 41 38 125
188000 38 83 125
188125 35 55 125
188250 40 44 125
188375 48 35 125
188500 71 54 125
188625 33 73 125
188750 36 37 125
188875 31 66 125
189000 29 36 125
189125 67 54 125
189250 74 62 125
189375 76 89 125
189500 67 45 125
189625 69 56 125
189750 62 39 125
189875 64 52 125
190000 76 59 125
190125 77 61 125
190250 57 42 125
190375 71 49 125
190500 72 5 125
190625 81 70 125
190750 74 74 125
190875 59 53 125
191000 55 60 125
191125 65 87 125
191250 53 38 125
191375 50 83 125
191500 47 55 125
191625 52 44 125
191750 60 35 125
191875 83 54 125
192000 45 73 125
192125 48 37 125
192250 43 66 125
192375 41 36 125
192500 79 54 125
192625 86 62 125
192750 88 89 125
192875 55 45 125
193000 57 56 125
193125 50 39 125
193250 52 52 125
193375 64 59 125
193500 65 61 125
193625 45 42 125
193750 59 49 125
193875 60 5 125
194000 69 70 125
194125 62 74 125
194250 47 53 125
194375 43 60 125
194500 53 87 125
194625 41 38 125
194750 38 83 125
194875 35 55 125
195000 40 44 125
195125 48 35 125
195250 71 54 125
195375 33 73 125
195500 36 37 125
195625 31 66 125
195750 29 36 125
195875 67 54 125
196000 74 62 125
196125 76 89 125
196250 67 45 125
196375 69 56 125
196500 62 39 125
196625 64 52 125
196750 76 59 125
196875 77 61 125
197000 57 42 125
197125 71 49 125
197250 72 5 125
197375 81 70 125
197500 74 74 125
197625 59 53 125
197750 55 60 125
197875 65 87 125
198000 53 38 125
198125 50 83 125
198250 47 55 125
198375 52 44 125
198500 60 35 125
198625 83 54 125
198750 45 73 125
198875 48 37 125
199000 43 66 125
199125 41 36 125
199250 79 54 125
199375 86 62 125
199500 88 89 125
199625 55 45 125
199750 57 56 125
199875 50 39 125
200000 52 52 125
200125 64 59 125
200250 65 61 125
200375 45 42 125
200500 59 49 125
200625 60 5 125
200750 69 70 125
200875 62 74 125
201000 47 53 125
201125 43 60 125
201250 53 87 125
201375 41 38 125
201500 38 83 125
201625 35 55 125
201750 40 44 125
201875 48 35 125
202000 71 54 125
202125 33 73 125
202250 36 37 125
202375 31 66 125
202500 29 36 125
202625 67 54 125
202750 74 62 125
202875 76 89 125
203000 67 45 125
203125 69 56 125
203250 62 39 125
203375 64 52 125
203500 76 59 125
203625 77 61 125
203750 57 42 125
203875 71 49 125
204000 72 5 125
204125 81 70 125
204250 74 74 125
204375 59 53 125
204500 55 60 125
204625 65 87 125
204750 53 38 125
204875 50 83 125
205000 47 55 125
205125 52 44 125
205250 60 35 125
205375 83 54 125
205500 45 73 125
205625 48 37 125
205750 43 66 125
205875 41 36 125
206000 79 54 125
206125 86 62 125
206250 88 89 125
206375 55 45 125
206500 57 56 125
206625 50 39 125
206750 52 52 125
206875 64 59 125
207000 65 61 125
207125 45 42 125
207250 59 49 125
207375 60 5 125
207500 69 70 125
207625 62 74 125
207750 47 53 125
207875 43 60 125
208000 53 87 125
208125 41 38 125
208250 38 83 125
208375 35 55 125
208500 40 44 125
208625 48 35 125
208750 71 54 125
208875 33 73 125
209000 36 37 125
209125 31 66 125
209250 29 36 125
209375 67 54 125
209500 74 62 125
209625 76 89 125
209750 67 45 125
209875 69 56 125
210000 62 39 125
210125 64 52 125
210250 76 59 125
210375 77 61 125
210500 57 42 125
210625 71 49 125
210750 72 5 125
210875 81 70 125
211000 74 74 125
211125 59 53 125
211250 55 60 125
211375 65 87 125
211500 53 38 125
211625 50 83 125
211750 47 55 125
211875 52 44 125
212000 60 35 125
212125 83 54 125
212250 45 73 125
212375 48 37 125
212500 43 66 125
212625 41 36 125
212750 79 54 125
212875 86 62 125
213000 88 89 125
213125 55 45 125
213250 57 56 125
213375 50 39 125
213500 52 52 125
213625 64 59 125
213750 65 61 125
213875 45 42 125
214000 59 49 125
214125 60 5 125
214250 69 70 125
214375 62 74 125
214500 47 53 125
214625 43 60 125
214750 53 87 125
214875 41 38 125
215000 38 83 125
215125 35 55 125
215250 40 44 125
215375 48 35 125
215500 71 54 125
215625 33 73 125
215750 36 37 125
215875 31 66 125
216000 29 36 125
216125 67 54 125
216250 74 62 125
216375 76 89 125
216500 67 45 125
216625 69 56 125
216750 62 39 125
216875 64 52 125
217000 76 59 125
217125 77 61 125
217250 57 42 125
217375 71 49 125
217500 72 5 125
217625 81 70 125
217750 74 74 125
217875 59 53 125
218000 55 60 125
218125 65 87 125
218250 53 38 125
218375 50 83 125
218500 47 55 125
218625 52 44 125
218750 60 35 125
218875 83 54 125
219000 45 73 125
219125 48 37 125
219250 43 66 125
219375 41 36 125
219500 79 54 125
219625 86 62 125
219750 88 89 125
219875 55 45 125
220000 57 56 125
220125 50 39 125
220250 52 52 125
220375 64 59 125
220500 65 61 125
220625 45 42 125
220750 59 49 125
220875 60 5 125
221000 69 70 125
221125 62 74 125
221250 47 53 125
221375 43 60 125
221500 53 87 125
221625 41 38 125
221750 38 83 125
221875 35 55 125
222000 40 44 125
222125 48 35 125
222250 71 54 125
222375 33 73 125
222500 36 37 125
222625 31 66 125
222750 29 36 125
222875 67 54 125
223000 74 62 125
223125 76 89 125
223250 67 45 125
223375 69 56 125
223500 62 39 125
223625 64 52 125
223750 76 59 125
223875 77 61 125
224000 57 42 125
224125 71 49 125
224250 72 5 125
224375 81 70 125
224500 74 74 125
224625 59 53 125
224750 55 60 125
224875 65 87 125
225000 53 38 125
225125 50 83 125
225250 47 55 125
225375 52 44 125
225500 60 35 125
225625 83 54 125
225750 45 73 125
225875 48 37 125
226000 43 66 125
226125 41 36 125
226250 79 54 125
226375 86 62 125
226500 88 89 125
226625 55 45 125
226750 57 56 125
226875 50 39 125
227000 52 52 125
227125 64 59 125
227250 65 61 125
227375 45 42 125
227500 59 49 125
227625 60 5 125
227750 69 70 125
227875 62 74 125
228000 47 53 125
228125 43 60 125
228250 53 87 125
228375 41 38 125
228500 38 83 125
228625 35 55 125
228750 40 44 125
228875 48 35 125
229000 71 54 125
229125 33 73 125
229250 36 37 125
229375 31 66 125
229500 29 36 125
229625 67 54 125
229750 74 62 125
229875 76 89 125
230000 67 45 125
230125 69 56 125
230250 62 39 125
230375 64 52 125
230500 76 59 125
230625 77 61 125
230750 57 42 125
230875 71 49 125
231000 72 5 125
231125 81 70 125
231250 74 74 125
231375 59 53 125
231500 55 60 125
231625 65 87 125
231750 53 38 125
231875 50 83 125
232000 47 55 125
232125 52 44 125
232250 60 35 125
232375 83 54 125
232500 45 73 125
232625 48 37 125
232750 43 66 125
232875 41 36 125
233000 79 54 125
233125 86 62 125
233250 88 89 125
233375 55 45 125
233500 57 56 125
233625 50 39 125
233750 52 52 125
233875 64 59 125
234000 65 61 125
234125 45 42 125
234250 59 49 125
234375 60 5 125
234500 69 70 125
234625 62 74 125
234750 47 53 125
234875 43 60 125
235000 53 87 125
235125 41 38 125
235250 38 83 125
235375 35 55 125
235500 40 44 125
235625 48 35 125
235750 71 54 125
235875 33 73 125
236000 36 37 125
236125 31 66 125
236250 29 36 125
236375 67 54 125
236500 74 62 125
236625 76 89 125
236750 67 45 125
236875 69 56 125
237000 62 39 125
237125 64 52 125
237250 76 59 125
237375 77 61 125
237500 57 42 125
237625 71 49 125
237750 72 5 125
237875 81 70 125
238000 74 74 125
238125 59 53 125
238250 55 60 125
238375 65 87 125
238500 53 38 125
238625 50 83 125
238750 47 55 125
238875 52 44 125
239000 60 35 125
239125 83 54 125
239250 45 73 125
239375 48 37 125
239500 43 66 125
239625 41 36 125
239750 79 54 125
239875 86 62 125
240000 88 89 125
240125 55 45 125
240250 57 56 125
240375 50 39 125
240500 52 52 125
240625 64 59 125
240750 65 61 125
240875 45 42 125
241000 59 49 125
241125 60 5 125
241250 69 70 125
241375 62 74 125
241500 47 53 125
241625 43 60 125
241750 53 87 125
241875 41 38 125
242000 38 83 125
242125 35 55 125
242250 40 44 125
242375 48 35 125
242500 71 54 125
242625 33 73 125
242750 36 37 125
242875 31 66 125
243000 29 36 125
243125 67 54 125
243250 74 62 125
243375 76 89 125
243500 67 45 125
243625 69 56 125
243750 62 39 125
243875 64 52 125
244000 76 59 125
244125 77 61 125
244250 57 42 125
244375 71 49 125
244500 72 5 125
244625 81 70 125
244750 74 74 125
244875 59 53 125
245000 55 60 125
245125 65 87 125
245250 53 38 125
245375 50 83 125
245500 47 55 125
245625 52 44 125
245750 60 35 125
245875 83 54 125
246000 45 73 125
246125 48 37 125
246250 43 66 125
246375 41 36 125
246500 79 54 125
246625 86 62 125
246750 88 89 125
246875 55 45 125
247000 57 56 125
247125 50 39 125
247250 52 52 125
247375 64 59 125
247500 65 61 125
247625 45 42 125
247750 59 49 125
247875 60 5 125
248000 69 70 125
248125 62 74 125
248250 47 53 125
248375 43 60 125
248500 53 87 125
248625 41 38 125
248750 38 83 125
248875 35 55 125
249000 40 44 125
249125 48 35 125
249250 71 54 125
249375 33 73 125
249500 36 37 125
249625 31 66 125
249750 29 36 125
249875 67 54 125
250000 74 62 125
250125 76 89 125
250250 67 45 125
250375 69 56 125
250500 62 39 125
250625 64 52 125
250750 76 59 125
250875 77 61 125
251000 57 42 125
251125 71 49 125
251250 72 5 125
251375 81 70 125
251500 74 74 125
251625 59 53 125
251750 55 60 125
251875 65 87 125
252000 53 38 125
252125 50 83 125
252250 47 55 125
252375 52 44 125
252500 60 35 125
252625 83 54 125
252750 45 73 125
252875 48 37 125
253000 43 66 125
253125 41 36 125
253250 79 54 125
253375 86 62 125
253500 88 89 125
253625 55 45 125
253750 57 56 125
253875 50 39 125
254000 52 52 125
254125 64 59 125
254250 65 61 125
254375 45 42 125
254500 59 49 125
254625 60 5 125
254750 69 70 125
254875 62 74 125
255000 47 53 125
255125 43 60 125
255250 53 87 125
255375 41 38 125
255500 38 83 125
255625 35 55 125
255750 40 44 125
255875 48 35 125
256000 71 54 125
256125 33 73 125
256250 36 37 125
256375 31 66 125
256500 29 36 125
256625 67 54 125
256750 74 62 125
256875 76 89 125
257000 67 45 125
257125 69 56 125
257250 62 39 125
257375 64 52 125
257500 76 59 125
257625 77 61 125
257750 57 42 125
257875 71 49 125
258000 72 5 125
258125 81 70 125
258250 74 74 125
258375 59 53 125
258500 55 60 125
258625 65 87 125
258750 53 38 125
258875 50 83 125
259000 47 55 125
259125 52 44 125
259250 60 35 125
259375 83 54 125
259500 45 73 125
259625 48 37 125
259750 43 66 125
259875 41 36 125
260000 79 54 125
260125 86 62 125
260250 88 89 125
260375 55 45 125
260500 57 56 125
260625 50 39 125
260750 52 52 125
260875 64 59 125
261000 65 61 125
261125 45 42 125
261250 59 49 125
261375 60 5 125
261500 69 70 125
261625 62 74 125
261750 47 53 125
261875 43 60 125
262000 53 87 125
262125 41 38 125
262250 38 83 125
262375 35 55 125
262500 40 44 125
262625 48 35 125
262750 71 54 125
262875 33 73 125
263000 36 37 125
263125 31 66 125
263250 29 36 125
263375 67 54 125
263500 74 62 125
263625 76 89 125
263750 67 45 125
263875 69 56 125
264000 62 39 125
264125 64 52 125
264250 76 59 125
264375 77 61 125
264500 57 42 125
264625 71 49 125
264750 72 5 125
264875 81 70 125
265000 74 74 125
265125 59 53 125
265250 55 60 125
265375 65 87 125
265500 53 38 125
265625 50 83 125
265750 47 55 125
265875 52 44 125
266000 60 35 125
266125 83 54 125
266250 45 73 125
266375 48 37 125
266500 43 66 125
266625 41 36 125
266750 79 54 125
266875 86 62 125
267000 88 89 125
267125 55 45 125
267250 57 56 125
267375 50 39 125
267500 52 52 125
267625 64 59 125
267750 65 61 125
267875 45 42 125
268000 59 49 125
268125 60 5 125
268250 69 70 125
268375 62 74 125
268500 47 53 125
268625 43 60 125
268750 53 87 125
268875 41 38 125
269000 38 83 125
269125 35 55 125
269250 40 44 125
269375 48 35 125
269500 71 54 125
269625 33 73 125
269750 36 37 125
269875 31 66 125
270000 29 36 125
270125 67 54 125
270250 74 62 125
270375 76 89 125
270500 67 45 125
270625 69 56 125
270750 62 39 125
270875 64 52 125
271000 76 59 125
271125 77 61 125
271250 57 42 125
271375 71 49 125
271500 72 5 125
271625 81 70 125
271750 74 74 125
271875 59 53 125
272000 55 60 125
272125 65 87 125
272250 53 38 125
272375 50 83 125
272500 47 55 125
272625 52 44 125
272750 60 35 125
272875 83 54 125
273000 45 73 125
273125 48 37 125
273250 43 66 125
273375 41 36 125
273500 79 54 125
273625 86 62 125
273750 88 89 125
273875 55 45 125
274000 57 56 125
274125 50 39 125
274250 52 52 125
274375 64 59 125
274500 65 61 125
274625 45 42 125
274750 59 49 125
274875 60 5 125
275000 69 70 125
275125 62 74 125
275250 47 53 125
275375 43 60 125
275500 53 87 125
275625 41 38 125
275750 38 83 125
275875 35 55 125
276000 40 44 125
276125 48 35 125
276250 71 54 125
276375 33 73 125
276500 36 37 125
276625 31 66 125
276750 29 36 125
276875 67 54 125
277000 74 62 125
277125 76 89 125
277250 67 45 125
277375 69 56 125
277500 62 39 125
277625 64 52 125
277750 76 59 125
277875 77 61 125
278000 57 42 125
278125 71 49 125
278250 72 5 125
278375 81 70 125
278500 74 74 125
278625 59 53 125
278750 55 60 125
278875 65 87 125
279000 53 38 125
279125 50 83 125
279250 47 55 125
279375 52 44 125
279500 60 35 125
279625 83 54 125
279750 45 73 125
279875 48 37 125
280000 43 66 125
280125 41 36 125
280250 79 54 125
280375 86 62 125
280500 88 89 125
280625 55 45 125
280750 57 56 125
280875 50 39 125
281000 52 52 125
281125 64 59 125
281250 65 61 125
281375 45 42 125
281500 59 49 125
281625 60 5 125
281750 69 70 125
281875 62 74 125
282000 47 53 125
282125 43 60 125
282250 53 87 125
282375 41 38 125
282500 38 83 125
282625 35 55 125
282750 40 44 125
282875 48 35 125
283000 71 54 125
283125 33 73 125
283250 36 37 125
283375 31 66 125
283500 29 36 125
283625 67 54 125
283750 74 62 125
283875 76 89 125
284000 67 45 125
284125 69 56 125
284250 62 39 125
284375 64 52 125
284500 76 59 125
284625 77 61 125
284750 57 42 125
284875 71 49 125
285000 72 5 125
285125 81 70 125
285250 74 74 125
285375 59 53 125
285500 55 60 125
285625 65 87 125
285750 53 38 125
285875 50 83 125
286000 47 55 125
286125 52 44 125
286250 60 35 125
286375 83 54 125
286500 45 73 125
286625 48 37 125
286750 43 66 125
286875 41 36 125
287000 79 54 125
287125 86 62 125
287250 88 89 125
287375 55 45 125
287500 57 56 125
287625 50 39 125
287750 52 52 125
287875 64 59 125
288000 65 61 125
288125 45 42 125
288250 59 49 125
288375 60 5 125
288500 69 70 125
288625 62 74 125
288750 47 53 125
288875 43 60 125
289000 53 87 125
289125 41 38 125
289250 38 83 125
289375 35 55 125
289500 40 44 125
289625 48 35 125
289750 71 54 125
289875 33 73 125
289874 36 37 125
