0 53 103 85
0 24 92 256
600 36 92 256
600 24 92 256
1200 36 92 256
1800 24 92 256
2400 36 92 256
2400 24 92 256
3000 36 92 256
3600 24 92 256
3600 24 92 256
7200 36 92 256
7200 38 92 256
7800 26 92 256
7800 26 92 256
8400 38 92 256
9000 26 92 256
9600 38 92 256
9600 38 92 256
10200 26 92 256
10800 26 92 256
10800 38 92 256
13800 26 92 256
14400 38 92 256
14400 24 92 256
14400 36 92 256
14400 59 92 256
15000 52 92 256
15000 36 92 256
15300 24 92 256
15300 50 92 256
15600 57 92 256
16200 24 92 256
16200 36 92 256
16800 52 92 256
16800 36 92 256
16800 24 92 256
17400 52 92 256
17400 24 92 256
18000 52 92 256
18000 36 92 256
18000 24 92 256
18600 52 92 256
21600 52 92 256
21600 38 92 256
21600 26 92 256
21600 64 92 256
22200 57 92 256
22200 26 92 256
22500 38 92 256
22500 54 92 256
22800 62 92 256
23400 26 92 256
23400 38 92 256
24000 57 92 256
24000 38 92 256
24600 26 92 256
25200 26 92 256
25200 38 92 256
25200 26 92 256
25800 48 92 256
26400 50 92 256
26400 38 92 256
27000 52 92 256
27450 55 92 256
28050 57 92 256
28200 59 92 256
28500 38 92 256
28800 64 92 256
28800 36 92 256
28800 24 92 256
28800 59 92 256
29400 52 92 256
29400 24 92 256
30000 36 92 256
30000 48 80 256
30000 24 92 256
30000 59 92 256
30450 52 92 256
30600 47 80 256
30900 36 92 256
31200 45 80 256
31200 24 92 256
31200 36 92 256
31350 52 92 256
31800 43 80 256
31800 24 92 256
32100 40 80 256
32400 52 92 256
32400 36 92 256
33300 24 92 256
33900 52 92 256
34500 52 92 256
34800 57 92 256
36000 55 92 256
36000 38 92 256
36000 26 92 256
36000 57 92 256
36600 64 92 256
36600 26 92 256
36900 38 92 256
36900 54 92 256
37200 62 92 256
37200 50 80 256
37650 26 92 256
37800 49 80 256
37800 38 92 256
38100 57 92 256
38400 47 80 256
38400 38 92 256
38400 26 92 256
38550 54 92 256
39000 45 80 256
39000 42 80 256
39600 26 92 256
39600 38 92 256
39600 26 92 256
39600 57 92 256
40800 54 92 256
40800 62 92 256
40800 57 92 256
43200 54 92 256
43200 24 92 256
43200 36 92 256
43200 52 92 256
43800 59 92 256
43800 36 92 256
44400 24 92 256
44400 24 92 256
44400 48 80 256
44400 52 92 256
44850 59 92 256
45000 47 80 256
45300 36 92 256
45600 45 80 256
45600 36 92 256
45750 24 92 256
45900 43 80 256
46200 57 92 256
46200 24 92 256
46350 40 80 256
46500 55 92 106
46800 54 92 106
46800 24 92 256
46800 36 92 256
46950 50 92 106
47400 52 92 106
47400 36 92 256
47550 48 92 106
48000 50 92 106
48000 47 85 106
48300 24 92 256
48600 48 85 106
48600 45 75 106
48600 36 92 256
49200 24 92 256
49200 24 92 256
50400 36 92 256
50400 59 75 106
50400 38 92 256
50400 26 92 256
50400 64 92 256
50700 57 92 256
50850 57 75 106
51000 55 75 106
51000 54 75 106
51000 38 92 256
51300 26 92 256
51300 54 92 256
51600 62 92 256
51600 26 92 256
52050 50 80 256
52050 52 75 106
52200 49 80 256
52500 38 92 256
52500 50 75 106
52800 47 80 256
52800 38 92 256
52950 26 92 256
53400 45 80 256
53400 42 80 256
54000 26 92 256
54000 26 92 256
54600 38 92 256
55200 38 92 256
55800 26 92 256
55800 38 92 256
56400 26 92 256
56400 57 75 106
56400 38 92 256
56550 26 92 256
56700 59 75 106
56850 67 75 106
57000 66 75 106
57150 74 75 106
57600 81 75 106
57600 36 92 256
57600 24 92 256
57600 59 92 256
58200 52 92 256
58200 24 92 256
58800 36 92 256
58800 48 80 256
58800 24 92 256
58800 59 92 256
59250 52 92 256
59400 47 80 256
59700 36 92 256
60000 45 80 256
60000 24 92 256
60000 36 92 256
60150 52 92 256
60600 43 80 256
60600 67 75 106
60600 40 80 256
60750 24 92 256
60900 66 75 106
61050 64 75 106
61200 62 75 106
61200 59 75 106
61200 36 92 256
61200 24 92 256
61500 52 92 256
61650 55 75 106
61800 57 75 106
62400 36 92 256
62400 24 92 256
62400 48 92 256
63000 52 92 256
63000 36 92 256
63600 24 92 256
63600 57 75 106
63600 24 92 256
63600 36 92 256
63900 48 92 256
64200 52 75 106
64350 50 75 106
64500 52 75 106
64800 55 75 106
64800 38 92 256
64800 26 92 256
64800 64 92 256
65400 57 92 256
65400 26 92 256
65700 38 92 256
65700 62 92 256
66000 54 92 256
66000 50 80 256
66300 26 92 256
66450 74 16 106
66450 69 19 106
66600 49 80 256
66600 74 22 106
66750 38 92 256
66900 76 25 106
66900 78 26 106
67050 47 80 256
67200 79 25 106
67200 78 21 106
67200 38 92 256
67350 26 92 256
67800 45 80 256
67800 74 28 106
67800 42 80 256
68250 26 92 256
68400 54 39 256
68400 69 27 106
68400 38 92 256
69000 26 92 256
69000 74 19 106
69300 38 92 256
69600 54 39 256
69600 86 22 256
70350 26 92 256
70950 54 39 256
71550 54 39 256
71850 54 39 256
72000 54 39 256
72000 24 92 256
72000 36 92 256
72000 59 92 256
72600 52 92 256
72600 36 92 256
72900 24 92 256
72900 50 92 256
73200 57 92 256
73200 24 92 256
73650 48 80 256
73800 47 80 256
73800 36 92 256
74100 52 92 256
74400 45 80 256
74400 84 10 256
74400 36 92 256
74400 24 92 256
74550 52 92 256
75000 43 80 256
75000 83 12 256
75000 40 80 256
75000 24 92 256
75600 52 92 256
75600 81 12 256
75600 24 92 256
75600 36 92 256
76050 52 92 256
76200 79 12 256
76500 36 92 256
76650 86 9 256
76800 81 9 256
76800 74 10 256
78000 24 92 256
78000 24 45 106
78450 52 39 256
78450 24 45 106
78750 40 39 256
78750 24 45 106
79050 40 39 256
79200 40 39 256
79200 26 92 256
79200 38 92 256
79200 64 92 256
79800 57 92 256
79800 26 92 256
80100 38 92 256
80100 54 92 256
80400 62 92 256
80400 26 92 256
80850 50 80 256
81000 49 80 256
81000 38 92 256
81300 57 92 256
81600 47 80 256
81600 26 92 256
81750 38 92 256
81900 45 80 256
82200 74 11 256
82200 42 80 256
82350 26 92 256
82650 74 8 256
82800 54 39 256
82800 38 92 256
83100 26 92 256
83250 74 6 256
83400 54 39 256
83400 72 6 256
83700 38 92 256
83850 74 5 106
84000 76 5 106
84000 72 5 106
84150 26 92 256
84150 71 4 106
84300 54 39 256
84600 69 4 106
84750 33 45 106
84900 33 45 106
85050 54 39 256
85500 33 62 106
85650 54 39 256
85950 33 80 106
86400 33 89 106
86400 36 92 256
86400 29 92 256
86400 59 92 256
87000 52 92 256
87000 36 92 256
87300 29 92 256
87300 50 92 256
87600 57 92 256
87600 48 80 256
87900 29 92 256
88050 33 80 256
88200 47 80 256
88200 36 92 256
88500 52 92 256
88800 45 80 256
88800 36 92 256
88800 29 92 256
88950 52 92 256
89400 43 80 256
89400 40 80 256
89400 29 92 256
90000 52 92 256
90000 36 92 256
90000 33 80 256
90000 29 92 256
90600 52 92 256
90600 57 45 856
90600 52 45 856
91500 36 92 256
91500 59 45 856
92400 50 45 856
92400 62 45 856
93300 54 45 856
93300 66 45 856
93600 55 45 856
93600 38 92 256
93600 26 92 256
94200 57 92 256
94200 38 92 256
94500 26 92 256
94500 33 80 256
94800 54 92 256
94800 50 80 256
95250 26 92 256
95400 49 80 256
95400 38 92 256
95700 57 92 256
96000 47 80 256
96000 26 92 256
96150 38 92 256
96600 45 80 256
96600 42 80 256
97050 26 92 256
97050 33 80 256
97200 54 39 256
97200 26 92 256
97200 64 45 856
97350 38 92 256
97650 60 45 856
97800 54 39 256
98100 38 92 256
99900 62 45 856
100200 57 71 106
100350 59 73 106
100800 60 73 106
100800 57 73 106
100800 24 92 256
100800 36 92 256
101400 52 92 256
101400 55 45 2806
101400 24 92 256
101700 36 92 256
102000 50 92 256
102000 24 92 256
102450 48 80 256
102600 47 80 256
102600 36 92 256
102900 52 92 256
103200 45 80 256
103200 24 92 256
103200 36 92 256
103350 52 92 256
103800 43 80 256
103800 24 92 256
103800 40 80 256
104400 52 92 256
104400 64 45 856
104400 59 45 856
104400 24 92 256
104400 36 92 256
105000 52 92 256
105300 36 92 256
105300 62 45 856
106200 67 45 856
106200 59 45 856
107100 71 45 856
107100 66 45 856
108000 74 45 856
108000 64 45 856
108000 76 45 856
108000 26 92 256
108000 38 92 256
108600 57 92 256
108600 38 92 256
108600 26 92 256
108900 54 45 4306
108900 69 45 856
108900 74 45 856
109200 54 92 256
109200 26 92 256
109650 50 80 256
109800 49 80 256
109800 38 92 256
110100 57 92 256
110400 47 80 256
110400 26 92 256
110550 38 92 256
111000 45 80 256
111000 26 92 256
111450 42 80 256
111600 54 39 256
111600 50 45 2356
111600 26 92 256
112050 38 92 256
112200 54 39 256
114450 38 92 256
114600 69 37 106
114750 67 37 106
114900 71 43 106
115050 74 51 106
115200 78 57 106
115200 81 63 106
115200 40 62 2356
115200 43 62 2356
115200 24 92 256
115800 36 92 256
115800 24 92 256
116400 36 92 256
116400 64 45 856
116400 60 45 856
116400 24 92 256
116850 48 80 256
117000 47 80 256
117300 36 92 256
117300 45 80 256
117300 59 45 856
117600 62 45 856
117600 24 92 256
117750 36 92 256
118200 43 80 256
118200 54 45 856
118200 57 45 856
118200 24 92 256
118800 40 80 256
118800 24 92 256
119100 36 92 256
119100 55 45 856
119400 50 45 856
120000 36 92 256
120000 38 45 1606
120000 50 45 1606
122100 54 45 1606
122250 71 57 106
122400 69 57 106
122400 66 57 106
122400 42 45 1606
122400 26 92 256
122550 38 92 256
122850 62 57 106
123000 61 57 106
123000 26 92 256
123150 38 92 256
123450 57 57 106
123600 54 57 106
123600 26 92 256
124050 50 80 256
124200 49 80 256
124200 57 45 856
124200 61 45 856
124500 38 92 256
124800 47 80 256
124800 26 92 256
124950 38 92 256
125100 45 80 256
125100 62 45 856
125400 66 45 856
125400 26 92 256
126000 42 80 256
126000 57 45 856
126000 61 45 856
126000 26 92 256
126600 38 92 256
126900 38 92 256
126900 49 45 856
127800 57 45 856
127800 45 45 856
128700 54 45 856
128850 50 45 106
129000 49 45 106
129150 50 45 106
129300 52 45 106
129450 54 45 106
129600 59 45 106
129600 24 92 256
129600 36 92 256
130200 57 45 2806
130200 24 92 256
130800 36 92 256
130800 24 92 256
131250 48 80 256
131400 47 80 256
131700 36 92 256
132000 45 80 256
132000 36 92 256
132150 24 92 256
132600 43 80 256
132600 40 80 256
132750 24 92 256
132750 47 45 1906
133200 52 45 1906
133200 24 92 256
133800 36 92 256
134400 36 92 256
134400 40 29 2056
136800 43 30 2056
136800 26 92 256
136800 38 92 256
136800 50 45 3106
136800 54 46 1156
137400 57 92 256
137400 26 92 256
137700 38 92 256
138000 54 92 2206
138000 26 92 256
138450 50 80 256
138600 49 80 256
138600 38 92 256
138900 57 92 256
139200 47 80 256
139200 26 92 256
139350 38 92 256
139800 45 80 256
139800 26 92 256
140250 42 80 256
140400 54 39 256
140400 26 92 256
140850 38 92 256
140850 54 39 256
140850 47 57 2806
141000 42 57 2806
143850 38 92 256
144000 48 57 2806
144000 24 92 256
144000 36 92 256
144000 45 57 2806
144600 52 92 256
144600 24 92 256
144900 36 92 256
145200 50 92 256
145800 24 92 256
145800 36 92 256
146400 52 92 256
146400 24 92 256
146400 36 92 256
147000 52 92 256
147000 24 92 256
147000 47 62 856
147000 50 62 856
147600 52 92 256
147600 24 92 256
147600 36 92 256
147900 52 92 256
147900 52 62 856
148200 48 62 856
150000 36 92 256
150150 54 73 106
150300 52 73 106
150450 54 73 106
150600 52 73 106
150750 57 73 106
150900 55 73 106
151050 54 73 106
151200 50 73 106
151200 26 92 256
151200 38 92 256
151200 50 84 706
151800 54 84 856
151800 26 92 256
152100 38 92 256
152100 48 84 706
152400 52 84 856
153000 26 92 256
153000 38 92 256
153000 47 84 706
153600 50 84 856
153600 26 92 256
153900 38 92 256
153900 45 84 706
154200 48 84 706
154800 26 92 256
154800 26 92 256
155400 38 92 256
155399 38 92 256
