0 0 0 0
500 76 80 2000
1000 71 62 2000
1500 74 67 2000
2125 71 54 2000
2250 76 47 2000
2875 71 46 2000
3375 74 56 2000
3750 71 43 2000
4250 76 46 2000
4625 71 78 2000
5125 74 62 2000
5500 71 79 2000
6125 76 56 2000
6250 59 64 2000
6500 60 79 2000
6750 31 59 2000
6875 55 63 2000
7000 55 70 2000
7250 31 62 2000
7625 60 78 2000
7625 57 71 2000
7875 53 45 2000
8125 28 76 2000
8250 60 72 2000
8375 28 70 2000
8625 28 64 2000
8625 60 49 2000
8750 35 73 2000
8875 55 79 2000
9000 60 77 2000
9250 28 48 2000
9375 71 52 2000
9375 60 59 2000
9625 71 78 2000
9750 53 52 2000
9875 53 40 2000
10000 28 68 2000
10125 33 75 2000
10250 28 43 2000
10500 60 49 2000
10625 47 54 2000
10750 35 70 2000
10875 31 45 2000
11125 60 80 2000
11375 28 44 2000
11500 60 40 2000
11500 53 62 2000
11625 55 57 2000
12000 28 68 2000
12500 60 64 2000
12500 53 55 2000
13000 60 44 2000
13125 52 50 2000
13375 28 44 2000
13500 35 68 2000
13625 26 60 2000
13750 28 43 2000
13875 28 64 2000
14000 33 63 2000
14125 60 76 2000
14375 35 61 2000
14625 43 45 2000
15125 60 64 2000
15250 59 54 2000
15500 53 47 2000
15750 31 69 2000
15875 60 63 2000
16000 31 76 2000
16125 60 41 2000
16250 31 50 2000
16375 35 40 2000
16375 60 78 2000
16500 35 47 2000
16750 33 75 2000
17125 60 49 2000
17375 62 50 2000
17625 28 58 2000
17750 60 67 2000
18000 28 59 2000
18250 55 64 2000
18375 28 57 2000
18750 60 50 2000
18875 28 69 2000
19125 28 42 2000
19250 35 47 2000
19375 60 62 2000
19625 28 59 2000
19750 33 72 2000
20250 60 48 2000
20750 28 55 2000
21000 28 40 2000
21125 60 63 2000
21250 28 53 2000
21375 28 62 2000
21500 26 76 2000
21625 60 67 2000
21750 31 47 2000
21750 31 66 2000
22000 60 50 2000
22125 40 57 2000
22250 40 41 2000
22500 60 71 2000
22625 62 56 2000
22875 64 51 2000
23000 60 61 2000
23125 57 69 2000
23375 28 46 2000
23500 60 44 2000
23625 28 80 2000
23750 28 49 2000
23875 28 69 2000
24000 35 67 2000
24125 29 65 2000
24250 33 70 2000
24375 28 55 2000
24500 31 68 2000
24750 64 61 2000
24750 60 65 2000
24875 57 42 2000
25000 53 68 2000
25125 60 60 2000
25250 28 59 2000
25375 35 65 2000
26250 60 44 2000
26625 28 54 2000
26875 53 48 2000
27125 28 78 2000
27250 28 54 2000
27375 33 58 2000
27625 52 59 2000
27875 53 79 2000
28125 60 54 2000
28375 62 62 2000
28375 64 75 2000
28625 28 51 2000
28750 35 71 2000
28875 28 77 2000
29125 28 50 2000
29250 33 57 2000
29375 35 80 2000
29625 35 68 2000
30125 60 78 2000
30250 62 59 2000
30250 64 80 2000
30500 62 69 2000
30625 55 44 2000
30750 57 69 2000
31250 31 47 2000
31500 31 60 2000
31625 60 44 2000
31750 35 48 2000
32000 33 71 2000
32125 60 48 2000
32250 57 64 2000
32500 59 44 2000
32500 53 54 2000
32625 55 51 2000
33000 60 63 2000
33375 28 61 2000
33500 53 61 2000
33625 60 66 2000
33750 31 63 2000
33875 28 70 2000
34125 28 49 2000
34125 60 71 2000
34375 28 72 2000
34500 35 54 2000
34625 60 57 2000
34875 28 63 2000
35000 31 72 2000
35125 60 51 2000
35250 64 55 2000
35500 53 67 2000
35750 33 78 2000
35875 60 66 2000
36125 28 58 2000
36375 60 41 2000
36750 28 45 2000
37250 31 46 2000
37375 35 51 2000
37500 45 54 2000
37625 33 43 2000
37875 62 41 2000
38125 64 64 2000
38250 55 64 2000
38250 57 47 2000
38375 60 58 2000
38625 28 49 2000
38750 60 64 2000
39250 28 70 2000
39250 35 47 2000
39375 60 72 2000
39500 33 75 2000
39750 28 66 2000
40000 64 56 2000
40250 60 79 2000
40500 47 58 2000
40875 28 49 2000
41125 52 80 2000
41250 60 41 2000
41375 31 52 2000
41500 60 58 2000
41875 28 42 2000
42000 60 67 2000
42125 53 53 2000
42375 60 79 2000
42375 28 72 2000
42625 31 80 2000
42750 60 64 2000
43000 52 74 2000
43125 35 44 2000
43375 31 72 2000
43375 60 80 2000
43500 59 58 2000
43625 64 56 2000
43875 28 47 2000
44000 35 70 2000
44375 28 66 2000
44500 33 50 2000
44500 60 79 2000
44625 35 73 2000
44875 35 68 2000
45125 41 58 2000
46125 60 49 2000
46250 31 49 2000
46875 31 79 2000
46875 35 73 2000
47000 60 63 2000
47250 33 62 2000
47375 60 58 2000
47500 57 58 2000
47625 59 42 2000
47750 59 66 2000
47875 53 77 2000
48125 60 77 2000
48375 29 52 2000
48500 28 53 2000
48750 60 69 2000
48875 28 58 2000
49000 35 66 2000
49000 28 75 2000
49125 60 46 2000
49375 28 44 2000
49375 29 66 2000
49625 28 65 2000
49750 35 68 2000
49875 60 65 2000
50125 28 62 2000
50250 33 50 2000
50375 60 71 2000
50500 64 63 2000
50750 53 48 2000
51000 28 44 2000
51000 60 54 2000
51250 28 59 2000
51375 35 78 2000
52375 60 68 2000
52375 31 63 2000
52500 60 41 2000
52750 31 57 2000
53250 60 43 2000
53375 31 46 2000
53500 43 40 2000
53875 60 42 2000
54000 60 55 2000
54125 28 56 2000
54375 60 65 2000
54500 28 40 2000
54750 60 72 2000
54875 28 75 2000
55625 60 78 2000
56000 47 64 2000
56125 60 64 2000
56250 40 44 2000
56625 60 40 2000
56750 28 53 2000
57250 60 69 2000
57500 28 59 2000
57625 47 70 2000
58625 47 78 2000
59875 60 45 2000
60125 35 41 2000
60250 35 69 2000
60375 60 72 2000
61000 35 49 2000
61625 31 40 2000
62000 60 63 2000
62125 31 41 2000
62250 33 54 2000
62375 33 61 2000
62500 60 73 2000
62750 31 76 2000
62875 33 78 2000
63125 60 69 2000
63375 28 43 2000
63500 33 67 2000
64250 60 48 2000
64375 59 40 2000
64625 60 71 2000
64875 28 73 2000
65375 60 40 2000
65500 47 66 2000
65625 60 51 2000
65750 40 49 2000
65750 28 53 2000
66125 60 68 2000
66500 40 54 2000
66750 60 40 2000
67000 28 52 2000
67250 60 73 2000
67375 31 47 2000
67500 31 49 2000
67750 43 60 2000
67875 55 44 2000
68625 45 60 2000
68875 53 46 2000
69125 28 44 2000
69375 60 73 2000
69750 52 65 2000
69875 60 72 2000
69875 28 70 2000
70125 33 55 2000
70625 60 64 2000
70875 57 40 2000
71000 28 79 2000
71500 60 53 2000
71625 53 55 2000
72375 62 41 2000
72500 60 43 2000
72750 57 51 2000
72875 57 77 2000
73125 60 66 2000
73250 33 53 2000
73375 60 73 2000
73500 55 56 2000
73875 60 72 2000
74125 64 59 2000
75125 60 43 2000
75250 35 79 2000
76000 60 76 2000
76125 60 72 2000
76250 47 74 2000
76375 60 75 2000
76625 47 74 2000
76625 60 64 2000
76750 33 49 2000
76875 60 44 2000
77000 31 49 2000
77125 60 63 2000
77250 43 41 2000
77375 41 78 2000
78125 64 42 2000
78125 55 69 2000
78375 52 60 2000
78500 57 59 2000
78625 60 60 2000
78875 28 60 2000
79000 60 65 2000
79125 28 79 2000
79375 41 72 2000
79875 60 68 2000
79875 60 70 2000
80125 64 53 2000
80125 55 46 2000
80625 57 56 2000
80750 60 68 2000
81125 43 65 2000
81250 41 51 2000
81625 60 68 2000
81750 50 78 2000
82000 41 75 2000
82625 60 78 2000
82625 31 51 2000
82750 60 45 2000
82875 31 59 2000
83000 35 50 2000
83000 60 46 2000
83500 35 68 2000
83625 62 45 2000
83875 64 51 2000
84000 60 62 2000
84125 57 54 2000
84375 28 60 2000
84500 60 43 2000
84625 28 65 2000
84625 28 45 2000
84875 60 68 2000
85375 60 67 2000
85750 64 58 2000
85875 57 66 2000
86000 53 63 2000
86250 28 49 2000
86375 35 56 2000
86625 28 41 2000
86875 45 49 2000
87000 31 67 2000
87250 60 56 2000
87375 28 70 2000
88000 60 73 2000
88125 28 80 2000
88250 33 62 2000
88500 31 54 2000
88625 52 56 2000
88750 53 51 2000
89125 60 73 2000
89375 62 78 2000
89875 60 47 2000
90125 28 59 2000
90250 35 55 2000
90375 35 41 2000
90375 35 45 2000
90500 60 65 2000
90625 53 54 2000
90750 57 52 2000
91000 60 76 2000
91250 62 53 2000
91375 64 60 2000
91500 64 44 2000
91875 60 72 2000
92000 31 50 2000
92125 31 58 2000
92500 31 78 2000
92625 53 70 2000
92750 55 42 2000
93000 33 70 2000
93375 69 59 2000
93625 60 77 2000
93875 28 70 2000
94000 60 70 2000
94250 28 70 2000
94375 60 53 2000
94625 31 62 2000
94750 33 71 2000
95125 28 58 2000
95375 28 66 2000
95500 60 62 2000
95750 28 74 2000
96000 31 80 2000
96125 60 66 2000
96250 62 63 2000
96375 53 47 2000
96500 53 53 2000
96750 28 67 2000
96875 60 54 2000
97000 28 67 2000
97125 28 68 2000
97375 40 75 2000
97375 60 73 2000
97500 28 43 2000
97625 28 70 2000
97750 28 67 2000
97875 60 42 2000
98000 31 64 2000
98000 31 59 2000
98125 60 72 2000
98125 60 41 2000
98375 35 69 2000
98375 45 66 2000
98625 33 73 2000
98875 62 78 2000
99000 64 62 2000
99125 55 65 2000
99250 53 58 2000
99375 57 65 2000
99625 28 74 2000
99875 33 46 2000
100000 28 78 2000
100375 35 41 2000
100625 28 43 2000
100750 64 40 2000
100750 57 47 2000
100875 60 44 2000
101000 59 54 2000
101250 53 54 2000
101375 47 43 2000
101500 47 48 2000
101875 28 64 2000
102000 52 50 2000
102250 31 69 2000
102500 60 50 2000
102750 28 45 2000
103000 55 45 2000
103125 53 50 2000
103500 28 50 2000
103625 60 46 2000
103875 64 72 2000
104000 53 53 2000
104125 53 78 2000
104250 60 46 2000
104500 60 47 2000
104750 60 45 2000
104875 28 66 2000
105000 35 77 2000
105375 28 58 2000
105500 33 54 2000
105750 35 46 2000
105875 41 43 2000
105875 45 73 2000
106000 41 54 2000
106125 33 69 2000
106250 60 40 2000
106625 62 40 2000
106875 60 76 2000
107000 57 61 2000
107125 57 49 2000
107250 60 76 2000
107375 31 42 2000
107750 31 53 2000
107875 60 72 2000
108250 33 80 2000
108375 69 60 2000
108500 57 76 2000
108625 59 78 2000
108750 53 51 2000
108875 55 52 2000
109125 28 45 2000
109500 60 60 2000
109625 52 46 2000
109750 29 50 2000
110000 33 54 2000
110250 28 49 2000
110375 28 69 2000
110375 28 75 2000
110500 29 55 2000
110750 35 77 2000
111000 28 60 2000
111125 31 41 2000
111250 33 50 2000
111375 60 71 2000
111500 52 62 2000
111750 35 48 2000
112000 28 63 2000
112000 29 48 2000
112250 28 73 2000
112375 60 59 2000
112500 43 40 2000
112625 41 72 2000
113000 60 76 2000
113125 31 67 2000
113250 60 78 2000
113375 35 45 2000
113500 60 56 2000
113750 31 62 2000
114125 60 43 2000
114625 60 58 2000
114875 47 71 2000
114875 60 48 2000
115000 35 64 2000
115250 60 65 2000
115250 28 46 2000
115625 60 58 2000
115750 40 50 2000
116000 47 66 2000
116125 28 69 2000
116875 60 48 2000
117250 52 51 2000
117500 60 42 2000
117625 35 79 2000
117750 47 55 2000
118000 60 56 2000
118125 28 52 2000
118250 60 63 2000
118375 28 42 2000
119875 60 58 2000
120125 60 48 2000
120375 55 78 2000
120875 60 53 2000
121000 35 62 2000
121125 60 44 2000
121250 35 42 2000
121250 31 55 2000
121375 35 51 2000
121500 35 71 2000
122000 47 40 2000
122125 35 57 2000
123000 43 54 2000
123250 60 78 2000
123500 59 58 2000
123625 60 55 2000
123875 33 66 2000
124125 60 42 2000
124250 47 42 2000
124875 60 43 2000
125125 28 56 2000
125625 60 68 2000
125875 28 41 2000
126625 60 54 2000
126750 28 57 2000
127125 35 72 2000
127750 60 68 2000
128000 60 49 2000
128125 33 46 2000
128250 60 75 2000
128375 31 53 2000
128625 43 62 2000
128875 41 76 2000
129000 33 46 2000
129000 31 78 2000
129250 60 66 2000
129500 60 76 2000
129625 45 65 2000
129750 41 75 2000
129875 60 71 2000
130125 28 74 2000
130375 60 55 2000
130500 28 66 2000
130750 60 43 2000
131000 28 79 2000
131500 64 43 2000
131625 60 58 2000
131750 57 57 2000
132125 28 50 2000
132500 60 52 2000
132625 53 44 2000
133250 62 66 2000
133375 60 49 2000
133500 53 47 2000
134000 57 50 2000
134500 60 69 2000
134625 41 73 2000
134875 60 55 2000
135250 64 69 2000
135500 60 52 2000
135625 40 48 2000
135750 60 56 2000
136125 33 67 2000
136375 35 65 2000
136625 60 42 2000
136750 35 68 2000
137125 60 63 2000
137250 35 54 2000
137375 60 61 2000
137750 47 69 2000
138125 60 80 2000
138250 43 73 2000
138250 64 69 2000
139000 41 59 2000
139125 60 40 2000
139250 53 66 2000
139625 57 72 2000
139875 60 75 2000
140125 28 49 2000
140250 35 42 2000
140500 60 41 2000
140625 28 70 2000
140750 60 46 2000
140875 64 41 2000
141125 60 58 2000
141500 57 61 2000
141750 60 46 2000
141875 33 56 2000
142000 60 65 2000
142125 41 67 2000
142250 60 44 2000
142625 47 41 2000
143500 31 53 2000
143625 31 47 2000
143625 31 50 2000
144125 60 48 2000
144250 26 66 2000
144375 33 41 2000
144500 33 64 2000
144625 31 80 2000
144750 33 72 2000
145000 28 62 2000
145125 43 48 2000
145375 28 53 2000
145375 57 50 2000
145750 53 50 2000
146000 60 61 2000
146000 28 63 2000
146250 64 72 2000
146375 60 77 2000
146500 53 50 2000
147000 57 48 2000
147000 60 49 2000
147250 28 59 2000
147375 28 53 2000
147625 53 55 2000
148000 60 75 2000
148000 60 80 2000
148250 28 78 2000
148375 60 76 2000
148500 40 56 2000
148625 45 50 2000
149000 60 60 2000
149250 35 48 2000
149875 60 43 2000
150250 35 51 2000
150500 60 45 2000
150500 45 74 2000
150625 60 53 2000
150750 28 66 2000
150875 28 43 2000
150875 28 68 2000
150875 43 70 2000
151000 60 61 2000
151000 28 76 2000
151125 43 46 2000
151125 35 44 2000
151250 41 51 2000
151375 60 59 2000
151375 64 62 2000
151500 60 57 2000
151625 35 59 2000
151750 35 44 2000
151875 35 80 2000
152000 35 74 2000
152250 60 67 2000
152500 57 58 2000
152500 60 56 2000
152750 35 64 2000
152875 31 63 2000
153000 28 46 2000
153125 35 74 2000
153125 60 43 2000
153625 35 51 2000
153625 64 40 2000
153750 26 62 2000
153750 60 71 2000
154000 33 41 2000
154000 33 75 2000
154125 53 65 2000
154375 57 79 2000
154500 60 74 2000
154500 28 62 2000
154625 33 60 2000
154750 60 65 2000
154750 28 70 2000
154875 26 61 2000
154875 60 40 2000
155125 55 74 2000
155250 60 76 2000
155625 28 46 2000
155750 60 70 2000
155875 28 51 2000
155875 35 46 2000
156000 28 61 2000
156000 35 60 2000
156500 33 58 2000
156625 33 42 2000
156750 33 63 2000
156750 28 49 2000
156875 31 49 2000
158125 31 47 2000
158250 60 55 2000
158375 28 55 2000
158500 60 63 2000
158875 31 49 2000
159000 60 57 2000
159125 35 43 2000
159375 60 48 2000
159500 59 78 2000
160125 59 55 2000
160250 59 41 2000
160375 59 52 2000
161000 59 50 2000
161125 60 40 2000
161250 62 59 2000
162125 59 55 2000
162250 67 41 2000
162625 55 79 2000
162875 62 52 2000
163000 48 46 2000
163500 59 75 2000
163625 57 44 2000
163875 76 65 2000
164500 64 61 2000
164750 64 57 2000
165125 60 66 2000
165250 59 62 2000
165750 59 43 2000
165750 52 41 2000
166000 60 43 2000
166875 59 59 2000
167000 59 73 2000
167875 59 48 2000
168000 59 77 2000
168625 59 73 2000
169000 60 47 2000
169500 59 43 2000
169625 57 51 2000
170000 67 71 2000
170125 67 60 2000
170500 64 43 2000
170625 64 72 2000
170750 59 51 2000
170875 59 71 2000
171625 59 51 2000
171875 57 46 2000
172125 67 64 2000
172125 65 62 2000
172250 64 62 2000
172500 64 76 2000
172750 62 58 2000
173125 59 66 2000
173375 28 65 2000
173750 60 68 2000
173875 28 49 2000
174375 60 59 2000
174500 29 59 2000
174625 60 74 2000
174750 33 41 2000
174875 60 42 2000
174875 31 60 2000
175125 33 80 2000
175625 60 63 2000
175750 60 52 2000
175750 28 77 2000
176000 47 49 2000
176125 60 76 2000
176250 28 71 2000
176875 60 63 2000
177250 28 64 2000
177500 60 71 2000
177750 47 71 2000
178500 60 75 2000
178500 33 58 2000
178750 47 67 2000
178875 28 69 2000
179000 60 46 2000
179125 28 61 2000
179875 60 68 2000
180125 28 70 2000
180375 60 71 2000
180375 33 65 2000
180500 60 43 2000
180750 47 70 2000
180875 60 65 2000
181000 28 68 2000
181125 60 43 2000
181250 28 50 2000
181750 60 47 2000
182000 35 73 2000
182250 35 63 2000
182375 60 60 2000
183000 35 48 2000
183250 60 47 2000
183375 31 65 2000
183625 60 66 2000
183750 31 52 2000
183750 31 48 2000
184000 60 68 2000
184125 60 76 2000
184375 33 42 2000
184625 60 64 2000
184750 33 45 2000
184875 60 42 2000
185125 60 45 2000
185250 60 44 2000
185375 40 51 2000
185625 60 56 2000
185750 28 61 2000
185875 60 68 2000
186000 43 45 2000
186250 60 80 2000
186375 47 42 2000
186500 28 49 2000
186625 60 63 2000
186875 28 69 2000
187125 60 67 2000
187375 47 46 2000
187500 60 70 2000
187750 35 44 2000
188125 60 61 2000
188375 40 68 2000
188625 60 43 2000
189125 60 67 2000
189375 31 49 2000
189375 60 71 2000
189625 31 65 2000
189875 43 46 2000
190125 60 63 2000
190375 57 44 2000
190625 45 42 2000
190625 53 72 2000
190750 60 47 2000
191000 28 72 2000
191250 60 77 2000
191375 33 73 2000
191750 28 43 2000
191749 60 63 2000
