0 53 103 85
120 57 100 85
240 46 100 85
1920 53 100 85
2040 55 100 85
2160 48 100 85
3840 53 100 85
3960 53 100 85
4080 43 100 85
5760 50 100 85
5880 50 103 85
6000 43 103 85
7680 53 103 85
7800 57 100 85
7920 46 100 85
9600 53 100 85
9720 55 100 85
9840 48 100 85
11520 53 100 85
11640 53 100 85
11760 43 100 85
13440 50 100 85
13560 50 103 85
13680 43 103 85
15360 53 103 85
15480 57 100 85
15600 46 100 85
16680 53 100 85
17160 65 67 85
17280 64 66 85
17400 55 100 85
17520 48 100 85
18000 53 100 85
18480 62 65 85
18960 60 64 85
19200 62 64 85
19320 53 100 85
19440 43 100 85
20880 50 100 85
21120 57 61 85
21120 50 103 85
21240 60 60 85
21360 43 103 85
23040 53 103 85
23040 57 100 85
23160 53 103 85
23160 46 100 85
23280 55 103 85
23280 53 100 85
23400 57 103 85
24600 60 103 85
24960 62 103 85
24960 55 100 85
24960 57 58 85
25080 45 103 85
25200 48 100 85
25800 53 100 85
25920 57 94 85
26280 55 102 85
26640 41 103 85
26880 57 103 85
26880 53 100 85
27000 43 103 85
27120 43 100 85
28800 50 100 85
28920 50 103 85
29040 43 103 85
30720 53 103 85
30840 57 100 85
30960 46 100 85
32640 53 100 85
32760 55 100 85
32880 48 100 85
33960 53 100 85
34080 62 72 85
34320 60 67 85
34560 62 75 85
34560 53 100 85
34680 57 82 85
34800 43 100 85
36480 50 100 85
36600 50 103 85
36720 43 103 85
38400 53 103 85
38400 57 100 85
38520 65 36 85
38520 46 100 85
38640 64 48 85
38640 53 100 85
38760 62 60 85
38880 60 73 85
39000 57 85 85
40320 53 98 85
40440 55 100 85
40560 48 100 85
41040 53 100 85
41160 57 95 85
41280 60 93 85
41400 57 88 85
41520 55 72 85
41640 53 72 85
41760 52 81 85
42240 57 81 85
42240 53 100 85
42360 64 26 85
42480 43 100 85
42480 50 100 85
44160 61 38 85
44280 50 103 85
44400 43 103 85
46080 53 103 85
46200 38 100 85
46320 41 100 85
46440 48 100 85
48000 52 100 85
48120 36 100 85
48240 40 100 85
48360 48 100 85
49560 52 100 85
49920 53 82 85
50040 34 100 85
50160 43 100 85
50280 50 100 85
51840 53 100 85
51960 50 103 85
52080 43 103 85
53760 53 103 85
53880 38 100 85
54000 41 100 85
54120 48 100 85
54240 52 100 85
55680 57 100 85
55800 36 100 85
55920 40 100 85
56040 48 100 85
56160 52 100 85
57240 58 100 85
57600 60 100 85
57720 34 100 85
57840 43 100 85
57960 50 100 85
58080 53 100 85
59520 60 100 85
59640 50 103 85
59760 43 103 85
60240 53 103 85
60480 65 77 85
60720 64 77 85
60960 62 77 85
61200 60 77 85
61320 57 77 85
61440 60 77 85
61560 38 100 85
61680 41 100 85
61800 48 100 85
62880 52 100 85
63240 62 77 325
63360 57 77 325
63480 36 100 85
63600 40 100 85
63720 48 100 85
64320 52 100 85
64560 57 77 85
64800 55 77 85
64920 53 77 85
64920 53 82 85
65040 50 77 85
65160 53 77 85
65280 57 77 85
65280 34 100 85
65400 60 77 85
65520 43 100 85
65640 50 100 85
67200 53 100 85
67320 50 103 85
67440 43 103 85
68400 53 103 85
68640 60 77 85
68760 58 77 85
69000 57 77 85
69120 55 77 85
69240 38 100 85
69360 41 100 85
69480 48 100 85
70560 52 100 85
70800 65 77 85
71040 65 77 85
71160 36 100 85
71280 40 100 85
71400 48 100 85
72480 52 100 85
72600 67 58 85
72840 53 82 85
72960 69 82 85
73080 34 100 85
73200 43 100 85
73320 50 100 85
74880 53 100 85
75000 50 103 85
75120 43 103 85
75360 53 103 85
75480 72 82 85
75600 70 82 85
75720 69 82 85
75840 67 82 85
75960 65 82 85
76080 64 82 85
76200 62 82 85
76800 60 82 85
76920 38 100 85
77040 41 100 85
77160 48 100 85
78720 52 100 85
78840 36 100 85
78960 40 100 85
79080 48 100 85
80280 52 100 85
80400 53 82 85
80640 62 82 85
80640 34 100 85
80760 57 82 85
80880 43 100 85
81000 50 100 85
82560 53 100 85
82680 50 103 85
82800 43 103 85
83760 53 103 85
84000 53 82 85
84240 55 82 85
84360 57 82 85
84480 60 82 85
84600 38 100 85
84720 41 100 85
84840 48 100 85
86160 52 100 85
86280 77 34 85
86400 76 38 85
86400 36 100 85
86520 74 47 85
86520 40 100 85
86640 72 51 85
86640 48 100 85
86760 69 37 85
86760 52 100 85
87840 72 51 85
87960 69 51 85
87960 57 100 85
88080 67 51 85
88200 65 51 85
88320 64 51 85
88320 34 100 85
88440 62 51 85
88560 43 100 85
88680 50 100 85
90240 53 100 85
90360 50 103 85
90480 43 103 85
96000 53 103 85
96120 57 100 85
96240 46 100 85
97920 53 100 85
98040 55 100 85
98160 48 100 85
99840 53 100 85
99960 53 100 85
100080 43 100 85
101760 50 100 85
101880 50 103 85
102000 43 103 85
103680 53 103 85
103800 57 100 85
103920 46 100 85
105600 53 100 85
105720 55 100 85
105840 48 100 85
107520 53 100 85
107640 53 100 85
107760 43 100 85
109440 50 100 85
109560 50 103 85
109680 43 103 85
111360 53 103 85
111480 57 100 85
111600 46 100 85
113280 53 100 85
113400 55 100 85
113520 48 100 85
115200 53 100 85
115320 53 100 85
115440 43 100 85
117120 50 100 85
117240 50 103 85
117360 43 103 85
117359 53 103 85
