0 72 127 125
0 73 127 1000
1000 47 127 1000
1000 74 127 1500
2500 48 127 1500
2500 76 127 1500
4000 50 127 1500
4000 73 127 1000
5000 47 127 1000
5000 74 127 1500
6500 48 127 1500
6500 76 127 1500
8000 50 127 1500
8000 73 127 1000
9000 47 127 1000
9000 74 127 1500
10500 48 127 1500
10500 76 127 1500
11250 50 127 1500
11250 64 127 750
12000 78 127 750
12000 73 127 1000
12000 47 127 1000
13000 50 127 1500
13000 74 127 1500
14500 48 127 1500
14500 76 127 1500
16000 50 127 1500
16000 73 127 1000
17000 47 127 1000
17000 74 127 1500
18500 48 127 1500
18500 76 127 1500
20000 50 127 1500
20000 73 127 1000
21000 47 127 1000
21000 74 127 1500
22500 48 127 1500
22500 76 127 2000
24500 50 127 2000
24500 74 127 500
25000 45 127 500
25000 73 127 500
25500 47 127 500
25500 74 127 750
26250 48 127 750
26250 74 127 250
26500 48 127 250
26500 69 127 1000
27500 46 127 1000
27500 66 127 500
27750 43 127 250
28000 48 127 250
28000 73 127 250
28250 47 127 250
28250 73 127 750
28250 47 127 750
28250 66 127 750
28250 69 127 750
28250 40 127 750
29000 56 127 750
29000 74 127 1500
30500 48 127 1500
30500 76 127 1500
31875 50 127 1500
31875 69 127 125
32000 34 127 125
32000 73 127 1000
32000 47 127 1000
32000 71 127 125
32250 37 127 125
32250 69 127 125
32375 35 127 125
32375 66 127 125
32500 50 127 125
32625 67 127 125
32625 78 127 125
32750 52 127 125
32750 71 127 125
32875 38 127 125
32875 66 127 125
33000 48 127 125
33000 74 127 125
33000 48 127 1500
33000 74 127 1500
34500 43 127 125
34500 76 127 1500
35875 50 127 1500
35875 69 127 125
36000 34 127 125
36000 73 127 1000
36000 47 127 1000
36250 71 127 125
36250 69 127 125
36375 50 127 125
36500 66 127 125
36625 52 127 125
36625 78 127 125
36750 48 127 125
36875 43 127 125
37000 66 127 125
37000 74 127 125
37000 48 127 1500
38500 74 127 1500
38500 76 127 1500
40000 50 127 1500
40000 73 127 1000
40000 47 127 1000
40000 71 127 125
40250 44 127 125
40375 35 127 125
40375 66 127 125
40625 50 127 125
40625 78 127 125
40750 52 127 250
40875 71 127 125
40875 66 127 125
41000 47 127 125
41000 74 127 1500
42500 48 127 1500
42500 76 127 1500
43875 50 127 1500
43875 69 127 125
44000 34 127 125
44000 73 127 1000
44000 47 127 1000
44250 71 127 125
44250 69 127 125
44375 50 127 125
44500 66 127 125
44625 52 127 125
44625 78 127 125
44750 48 127 125
44875 43 127 125
45000 66 127 125
45000 74 127 125
45000 48 127 1500
45250 74 127 750
45375 86 127 125
45500 101 127 125
45625 86 127 125
46500 74 127 875
46500 76 127 500
46500 47 127 500
46500 64 127 1500
47000 63 127 1500
47000 78 127 500
47500 49 127 500
47500 80 127 500
47499 42 127 500
