500 50 64 250
500 41 64 250
750 50 64 250
750 43 64 250
1250 50 64 250
1250 50 64 250
1500 53 64 250
1500 45 64 250
1750 50 64 250
1750 46 64 250
2000 50 64 250
2000 69 64 1500
2000 74 64 1500
2750 50 64 250
2750 43 64 500
3250 50 64 500
3250 50 64 250
4000 53 64 250
4500 50 64 250
4500 41 64 250
4750 50 64 250
4750 43 64 250
5250 50 64 250
5250 50 64 250
5500 53 64 250
5500 45 64 250
5750 50 64 250
5750 46 64 250
6000 50 64 250
6750 50 64 250
6750 43 64 500
7250 50 64 500
7250 50 64 250
8000 53 64 250
8125 50 64 250
8250 62 64 125
8375 62 64 125
8500 62 64 125
8500 41 64 250
8750 50 64 250
8750 43 64 250
9250 50 64 250
9250 50 64 250
9500 53 64 250
9500 67 64 125
9500 45 64 250
9625 50 64 250
9750 65 64 125
9750 46 64 250
9875 50 64 250
10000 67 64 250
10250 50 64 250
10625 72 64 250
10750 77 64 125
10750 76 64 125
10750 43 64 500
10875 50 64 500
10937 77 64 125
11000 84 64 63
11250 82 64 125
11250 70 64 1750
11250 50 64 250
12000 53 64 250
12500 50 64 250
12500 41 64 250
12750 50 64 250
12750 43 64 250
13250 50 64 250
13250 50 64 250
13500 53 64 250
13500 45 64 250
13750 50 64 250
13750 46 64 250
14000 50 64 250
14937 50 64 250
15000 70 64 63
15000 69 64 250
15500 50 64 250
15500 41 64 250
15750 50 64 250
15750 69 64 62
15750 43 64 250
15812 50 64 250
15875 76 64 63
15937 71 64 62
16125 77 64 63
16250 72 64 125
16250 74 64 125
16250 50 64 250
16375 53 64 250
16500 74 64 125
16500 69 64 625
16500 74 64 625
16500 81 64 625
16500 45 64 250
16750 50 64 250
16750 46 64 250
17000 50 64 250
17125 50 64 250
17125 69 64 125
17125 74 64 125
17375 81 64 125
17375 69 64 125
17375 72 64 125
17500 83 64 125
17500 69 64 125
17500 72 64 125
17750 83 64 125
17750 43 64 500
17812 50 64 500
17875 69 64 63
18250 67 64 250
18250 67 64 125
18250 50 64 250
18375 53 64 250
19000 67 64 125
19250 50 64 250
19500 53 64 250
19500 41 64 250
19625 50 64 250
19625 45 64 125
19750 53 64 125
19750 43 64 250
19875 50 64 250
19875 47 64 125
20250 53 64 125
20250 50 64 250
20375 53 64 250
20375 53 64 125
20500 57 64 125
20500 45 64 250
20625 50 64 250
20625 48 64 125
20750 53 64 125
20750 46 64 250
20875 50 64 250
20875 50 64 125
21000 53 64 125
21250 50 64 250
21625 53 64 250
21625 47 64 250
21750 53 64 250
21750 43 64 500
21875 50 64 500
21875 53 64 125
22000 57 64 125
22000 47 64 125
22125 53 64 125
22125 47 64 125
22250 53 64 125
22250 43 64 125
22250 47 64 125
22250 50 64 250
22625 53 64 250
22625 43 64 125
22750 46 64 125
22750 43 64 125
22875 46 64 125
22875 43 64 125
23000 46 64 125
23000 41 64 1000
23500 45 64 1000
24000 31 64 4500
24500 79 64 250
24500 71 64 250
24750 79 64 250
24750 69 64 250
25250 77 64 250
25250 67 64 250
25500 71 64 250
25500 74 64 250
25750 79 64 250
25750 72 64 250
26000 76 64 250
26750 71 64 250
26750 69 64 500
27000 72 64 250
27250 72 64 250
27250 62 64 250
29000 65 64 250
29000 41 64 1000
29000 49 64 1000
29250 53 64 1000
29500 67 64 125
29625 67 64 125
29875 67 64 125
30000 67 64 125
30125 67 64 125
30250 67 64 125
30625 67 64 125
30875 67 64 250
30937 67 64 125
30937 51 64 63
31000 53 64 63
31000 49 64 125
31250 52 64 125
31500 67 64 125
31625 67 64 125
31625 67 64 125
31625 51 64 125
31875 53 64 125
31875 67 64 125
31875 45 64 125
32000 49 64 125
32000 67 64 125
32000 45 64 125
32125 49 64 125
32125 67 64 125
32125 45 64 125
32250 49 64 125
32250 67 64 125
32250 45 64 125
32500 49 64 125
32625 55 64 125
32625 67 64 250
32750 57 64 125
32875 55 64 125
32875 67 64 125
33000 57 64 125
33500 50 64 250
33500 41 64 250
33750 50 64 250
33750 43 64 250
34250 50 64 250
34250 50 64 250
34500 53 64 250
34500 45 64 250
34750 50 64 250
34750 46 64 250
35000 50 64 250
35750 50 64 250
35750 43 64 500
36250 50 64 500
36250 50 64 250
37000 53 64 250
37500 50 64 250
37500 41 64 250
37750 50 64 250
37750 43 64 250
38250 50 64 250
38250 50 64 250
38500 53 64 250
38500 45 64 250
38750 50 64 250
38750 46 64 250
39000 50 64 250
39000 69 64 1500
39000 74 64 1500
39750 50 64 250
39750 43 64 500
40250 50 64 500
40250 50 64 250
41000 53 64 250
41125 50 64 250
41250 62 64 125
41375 62 64 125
41500 62 64 125
41500 41 64 250
41750 50 64 250
41750 43 64 250
42250 50 64 250
42250 50 64 250
42500 53 64 250
42500 67 64 125
42500 45 64 250
42625 50 64 250
42750 65 64 125
42750 46 64 250
42875 50 64 250
43000 67 64 250
43250 50 64 250
43625 72 64 250
43750 77 64 125
43750 76 64 125
43750 43 64 500
43875 50 64 500
43937 77 64 125
44000 84 64 63
44250 82 64 125
44250 70 64 250
44250 50 64 250
44625 53 64 250
44750 70 64 125
44875 70 64 125
45000 70 64 125
45500 50 64 250
45500 41 64 250
45750 50 64 250
45750 43 64 250
46000 50 64 250
46125 67 64 125
46250 77 64 125
46250 50 64 250
46375 53 64 250
46500 79 64 250
46500 45 64 250
46750 50 64 250
46750 77 64 250
46750 46 64 250
47000 50 64 250
47125 50 64 250
47187 70 64 62
47250 69 64 63
47312 70 64 62
47375 69 64 63
47750 67 64 125
47750 43 64 500
47937 50 64 500
48000 79 64 63
48165 77 64 165
48250 74 64 168
48250 50 64 250
48333 53 64 250
48750 70 64 167
49000 69 64 750
49500 50 64 250
49500 62 64 250
49500 69 64 250
49500 41 64 250
49750 50 64 250
49750 43 64 250
50000 50 64 250
50000 79 64 250
50250 88 64 250
50250 82 64 250
50250 86 64 250
50250 89 64 250
50250 50 64 250
50500 53 64 250
50500 84 64 250
50500 88 64 250
50500 93 64 250
50500 45 64 250
50750 50 64 250
50750 91 64 125
50750 46 64 250
50875 50 64 250
51000 91 64 125
51000 89 64 125
51125 50 64 250
51375 89 64 125
51500 88 64 125
51625 88 64 125
51750 86 64 125
51750 82 64 125
51750 43 64 500
51875 50 64 500
52000 79 64 125
52062 76 64 62
52125 72 64 63
52187 69 64 62
52250 65 64 63
52250 69 64 62
52250 50 64 250
52312 53 64 250
52375 70 64 63
52437 72 64 62
52500 70 64 63
52625 69 64 125
52750 67 64 125
52875 65 64 125
53000 64 64 125
52999 62 64 500
