0 62 64 500
125 50 127 125
125 50 127 250
250 60 127 125
500 60 127 125
625 60 127 250
750 50 127 125
750 50 127 125
875 60 127 125
1000 50 127 125
1125 60 127 125
1250 50 127 125
1375 60 127 125
1375 50 127 125
1500 60 127 125
1500 50 127 125
1625 60 127 125
1750 50 127 125
1875 60 127 125
1875 50 127 125
2000 60 127 125
2125 50 127 125
2125 50 127 250
2250 60 127 125
2500 60 127 125
2625 60 127 250
2750 50 127 125
2750 50 127 125
2875 60 127 125
3000 50 127 125
3125 60 127 125
3250 50 127 125
3375 60 127 125
3375 50 127 125
3500 60 127 125
3500 50 127 125
3625 60 127 125
3750 50 127 125
3875 60 127 125
3875 50 127 125
4000 60 127 125
4125 50 127 125
4125 50 127 250
4125 60 127 125
4250 64 127 125
4250 60 127 125
4500 64 127 125
4625 60 127 250
4750 50 127 125
4750 50 127 125
4875 60 127 125
5000 50 127 125
5125 60 127 125
5250 50 127 125
5375 60 127 125
5375 50 127 125
5500 60 127 125
5500 50 127 125
5625 60 127 125
5750 50 127 125
5875 60 127 125
5875 50 127 125
5875 60 127 125
6000 64 127 125
6125 50 127 125
6125 50 127 250
6125 60 127 125
6250 64 127 125
6250 60 127 125
6500 64 127 125
6625 60 127 250
6750 50 127 125
6750 50 127 125
6875 60 127 125
7000 50 127 125
7125 60 127 125
7250 50 127 125
7375 60 127 125
7375 50 127 125
7500 60 127 125
7500 50 127 125
7625 60 127 125
7750 50 127 125
7875 60 127 125
7875 50 127 125
7875 60 127 125
8000 64 127 125
8000 47 127 125
8125 50 127 125
8125 47 127 125
8125 50 127 250
8250 60 127 250
8375 47 127 125
8625 60 127 125
8625 50 127 125
8750 60 127 125
8875 50 127 125
8875 50 127 125
9000 60 127 125
9125 60 127 125
9125 47 127 125
9125 50 127 125
9375 60 127 125
9375 50 127 125
9500 60 127 125
9500 47 127 125
9500 50 127 125
9625 60 127 125
9750 50 127 125
9875 60 127 125
9875 47 127 125
9875 50 127 125
10000 60 127 125
10000 47 127 125
10125 50 127 125
10125 47 127 125
10125 50 127 250
10250 60 127 250
10375 47 127 125
10625 60 127 125
10625 50 127 125
10625 60 127 125
10750 69 127 125
10875 50 127 125
10875 50 127 125
10875 60 127 125
11000 69 127 125
11125 60 127 125
11125 47 127 125
11125 50 127 125
11375 60 127 125
11375 50 127 125
11500 60 127 125
11500 47 127 125
11500 50 127 125
11500 60 127 125
11625 69 127 125
11750 50 127 125
11750 60 127 125
11875 69 127 125
11875 50 127 125
12000 60 127 125
12000 50 127 125
12125 53 127 125
12125 50 127 250
12250 60 127 250
12375 53 127 125
12625 60 127 125
12625 50 127 125
12625 60 127 125
12750 69 127 125
12875 50 127 125
12875 50 127 125
12875 60 127 125
13000 69 127 125
13125 60 127 125
13125 50 127 125
13375 60 127 125
13375 50 127 125
13375 53 127 125
13500 60 127 125
13500 50 127 125
13500 60 127 125
13625 69 127 125
13625 50 127 125
13750 53 127 125
13750 60 127 125
13875 69 127 125
13875 50 127 125
14000 60 127 125
14000 50 127 125
14125 53 127 125
14125 50 127 250
14125 60 127 250
14250 69 127 125
14375 53 127 125
14625 60 127 125
14625 50 127 125
14625 60 127 125
14750 64 127 125
14875 50 127 125
14875 50 127 125
15000 60 127 125
15125 60 127 125
15125 50 127 125
15125 60 127 125
15375 72 127 125
15375 50 127 125
15375 53 127 125
15500 60 127 125
15500 50 127 125
15500 60 127 125
15625 72 127 125
15625 50 127 125
15750 53 127 125
15875 60 127 125
15875 50 127 125
16000 60 127 125
16125 50 127 250
16125 60 127 250
16375 69 127 125
16500 60 127 125
16625 50 127 125
16625 45 127 125
16625 50 127 125
16750 60 127 125
16750 45 127 125
16875 50 127 125
17000 60 127 125
17000 50 127 125
17125 60 127 125
17125 60 127 125
17250 72 127 125
17375 45 127 125
17375 50 127 125
17500 60 127 125
17500 50 127 125
17500 60 127 125
17625 72 127 125
17750 50 127 125
17875 60 127 125
17875 50 127 125
18000 60 127 125
18000 50 127 125
18125 50 127 250
18375 60 127 250
18500 60 127 125
18625 50 127 125
18625 45 127 125
18625 50 127 125
18625 60 127 125
18625 65 127 125
18750 67 127 125
18750 45 127 125
18875 50 127 125
19000 60 127 125
19000 50 127 125
19000 60 127 125
19000 65 127 125
19125 67 127 125
19250 60 127 125
19250 45 127 125
19375 50 127 125
19375 50 127 125
19500 60 127 125
19500 50 127 125
19750 60 127 125
19750 50 127 125
19875 60 127 125
19875 50 127 125
19875 60 127 125
19875 65 127 125
20000 67 127 125
20000 50 127 250
20250 60 127 125
20500 60 127 125
20500 50 127 125
20500 60 127 125
20500 69 127 250
20625 71 127 250
20625 50 127 125
20750 60 127 125
20750 50 127 125
21000 60 127 125
21000 50 127 125
21000 60 127 125
21000 65 127 125
21125 67 127 125
21250 60 127 125
21250 50 127 125
21375 59 127 125
21375 50 127 125
21375 59 127 125
21500 60 127 125
21500 50 127 125
21750 60 127 125
21750 50 127 125
21750 57 127 125
21750 60 127 125
21750 65 127 125
21875 67 127 125
21875 50 127 125
21875 57 127 125
22000 60 127 125
22000 50 127 250
22250 60 127 125
22500 60 127 125
22500 50 127 125
22500 60 127 250
22500 69 127 250
22625 71 127 125
22625 50 127 125
22750 71 127 125
22750 50 127 125
23000 60 127 125
23000 50 127 125
23125 60 127 125
23250 60 127 125
23250 50 127 125
23375 59 127 125
23375 50 127 125
23375 59 127 125
23375 60 127 125
23375 65 127 125
23500 67 127 125
23500 50 127 125
23750 60 127 125
23750 50 127 125
23750 57 127 125
23750 60 127 125
23750 65 127 125
23875 67 127 125
23875 50 127 125
23875 57 127 125
24000 60 127 125
24000 60 127 125
24250 67 127 125
24250 50 127 125
24375 60 127 125
24375 50 127 125
24500 52 127 125
24500 50 127 125
24500 60 127 250
24750 69 127 125
24750 50 127 125
24750 52 127 125
25000 60 127 125
25000 50 127 125
25125 60 127 125
25125 50 127 125
25250 60 127 125
25375 50 127 125
25500 60 127 125
25500 50 127 125
25625 60 127 125
25750 50 127 125
25750 47 127 125
25750 50 127 250
25875 60 127 125
26125 60 127 125
26250 60 127 125
26375 50 127 125
26375 50 127 125
26375 52 127 125
26500 60 127 250
26625 50 127 125
26750 60 127 125
26750 50 127 125
26875 52 127 125
27000 60 127 125
27000 50 127 125
27000 60 127 125
27125 67 127 125
27250 50 127 125
27250 50 127 125
27375 60 127 125
27500 60 127 125
27625 50 127 125
27625 50 127 125
27625 60 127 125
27750 69 127 125
27750 47 127 125
27750 50 127 250
27875 60 127 125
28000 60 127 125
28125 50 127 125
28250 60 127 125
28375 50 127 125
28500 60 127 250
28625 50 127 125
28625 50 127 125
28750 60 127 125
28875 50 127 125
29000 60 127 125
29000 50 127 125
29125 60 127 125
29250 50 127 125
29250 50 127 250
29375 60 127 125
29625 60 127 125
29750 60 127 125
29750 50 127 125
29875 60 127 125
29875 50 127 125
30000 60 127 125
30000 50 127 250
30000 52 127 250
30250 72 127 250
30250 58 127 250
30250 60 127 250
30500 64 127 250
30500 52 127 250
30500 54 127 250
30750 70 127 250
30750 48 127 250
31000 76 127 250
31000 52 127 250
31000 64 127 250
31250 72 127 250
31250 44 127 250
31250 72 127 250
31500 78 127 250
31500 48 127 250
31500 66 127 250
31750 72 127 250
31750 55 127 250
31750 64 127 250
32000 70 127 250
32000 60 127 250
32000 66 127 250
32250 70 127 250
32250 46 127 250
32250 52 127 250
32500 55 127 250
32500 64 127 250
32500 66 127 250
32750 72 127 250
32750 64 127 250
32750 70 127 250
33000 72 127 250
33000 43 127 250
33000 48 127 250
33250 50 127 250
33250 46 127 250
33250 48 127 250
33500 53 127 250
33500 48 127 250
33500 50 127 250
33500 70 127 250
33750 74 127 250
33750 48 127 250
33750 52 127 250
33750 66 127 250
34000 70 127 250
34000 50 127 250
34000 52 127 250
34250 72 127 250
34250 58 127 250
34250 60 127 250
34500 64 127 250
34500 52 127 250
34500 54 127 250
34750 70 127 250
34750 48 127 250
35000 76 127 250
35000 52 127 250
35000 64 127 250
35250 72 127 250
35250 44 127 250
35250 72 127 250
35500 78 127 250
35500 48 127 250
35500 66 127 250
35750 72 127 250
35750 55 127 250
35750 64 127 250
36000 70 127 250
36000 60 127 250
36000 66 127 250
36250 70 127 250
36250 46 127 250
36250 52 127 250
36500 55 127 250
36500 64 127 250
36500 66 127 250
36750 72 127 250
36750 64 127 250
36750 70 127 250
37000 72 127 250
37000 43 127 250
37000 48 127 250
37250 50 127 250
37250 46 127 250
37250 48 127 250
37500 53 127 250
37500 48 127 250
37500 50 127 250
37500 70 127 250
37750 74 127 250
37750 48 127 250
37750 52 127 250
37750 66 127 250
39000 70 127 250
39125 46 127 125
39125 46 127 250
39250 72 127 125
39500 72 127 125
39625 72 127 250
39750 46 127 125
39750 46 127 125
39875 72 127 125
40000 46 127 125
40125 72 127 125
40250 46 127 125
40375 72 127 125
40375 46 127 125
40500 72 127 125
40500 46 127 125
40625 72 127 125
40750 46 127 125
40875 72 127 125
40875 46 127 125
41000 72 127 125
41125 46 127 125
41125 46 127 250
41250 72 127 125
41500 72 127 125
41625 72 127 250
41750 46 127 125
41750 46 127 125
41875 72 127 125
42000 46 127 125
42125 72 127 125
42250 46 127 125
42375 72 127 125
42375 46 127 125
42500 72 127 125
42500 46 127 125
42625 72 127 125
42750 46 127 125
42875 72 127 125
42875 46 127 125
43000 72 127 125
43125 46 127 125
43125 46 127 250
43250 72 127 125
43500 72 127 125
43625 72 127 250
43750 46 127 125
43750 46 127 125
43875 72 127 125
44000 46 127 125
44125 72 127 125
44250 46 127 125
44375 72 127 125
44375 46 127 125
44500 72 127 125
44500 46 127 125
44625 72 127 125
44750 46 127 125
44875 72 127 125
44875 46 127 125
45000 72 127 125
45125 46 127 125
45125 46 127 250
45250 72 127 125
45500 72 127 125
45625 72 127 250
45750 46 127 125
45750 46 127 125
45875 72 127 125
46000 46 127 125
46125 72 127 125
46250 46 127 125
46375 72 127 125
46375 46 127 125
46500 72 127 125
46500 46 127 125
46625 72 127 125
46750 46 127 125
46875 72 127 125
46875 46 127 125
46874 72 127 125
