4 82 63 94
129 54 127 105
254 54 127 102
379 54 127 102
504 54 127 102
631 54 127 102
758 54 127 98
881 54 127 96
1007 54 127 98
1130 54 127 97
1256 54 127 101
1380 54 127 98
1507 54 127 99
1630 54 127 97
1755 54 127 99
1886 54 127 99
2007 54 127 93
2132 54 127 97
2257 54 127 97
2381 54 127 97
2505 54 127 98
2632 54 127 99
2757 54 127 97
2880 54 127 97
3007 54 127 99
3132 54 127 97
3257 54 127 97
3340 54 127 97
3382 78 61 160
3506 54 127 97
3511 54 127 98
3632 78 61 155
3671 54 127 97
3757 78 61 162
3837 54 127 97
3882 78 61 165
4005 54 127 97
4006 54 127 99
4132 78 61 160
4170 54 127 97
4257 78 61 163
4337 54 127 97
4382 78 61 165
4505 54 127 97
4507 78 61 161
4632 54 127 97
4671 54 127 97
4757 78 61 162
4837 54 127 97
4879 78 61 165
5004 54 127 100
5007 54 127 100
5129 78 61 159
5171 54 127 102
5254 78 61 162
5337 54 127 102
5379 78 61 165
5507 54 127 102
5507 86 71 161
5629 61 127 99
5673 54 127 100
5754 81 69 160
5837 54 127 102
5879 78 61 163
6004 61 127 102
6004 86 71 162
6129 54 127 102
6173 54 127 102
6254 81 69 160
6338 61 127 100
6380 78 61 162
6504 54 127 101
6504 86 71 164
6629 54 127 102
6673 61 127 102
6754 81 69 160
6838 54 127 100
6879 78 61 162
7004 54 127 102
7010 86 71 164
7129 61 127 96
7171 54 127 100
7255 81 69 162
7340 54 127 99
7380 85 68 160
7506 61 127 101
7507 54 120 98
7630 76 65 159
7673 54 127 99
7757 78 61 160
7840 54 127 97
7882 86 71 160
8005 61 127 97
8007 81 69 161
8136 54 120 97
8170 54 127 93
8257 85 68 165
8340 54 127 97
8382 76 65 160
8505 61 127 97
8507 78 61 161
8631 54 120 97
8668 54 127 98
8755 86 71 167
8838 54 127 99
8882 81 69 162
9005 61 127 97
9007 85 68 161
9130 54 120 97
9170 61 127 99
9257 76 65 165
9340 54 127 97
9382 78 61 160
9505 54 127 97
9507 86 71 161
9632 61 127 97
9670 54 120 97
9756 81 69 165
9840 61 127 98
9882 85 68 160
10007 54 127 97
10007 76 65 159
10132 54 127 97
10171 61 127 97
10255 78 61 162
10340 54 120 99
10382 86 71 160
10507 61 127 97
10507 81 69 159
10632 54 127 97
10671 54 127 97
10757 85 68 162
10837 61 127 97
10882 76 65 165
11007 54 120 97
11007 78 61 159
11132 61 127 97
11171 62 127 97
11257 86 71 162
11337 54 127 97
11379 81 69 165
11507 54 127 100
11507 85 68 159
11629 61 127 99
11671 54 120 102
11757 76 65 162
11840 61 127 99
11879 78 61 160
12004 62 127 100
12007 61 127 102
12129 86 71 159
12171 54 127 102
12254 81 69 162
12337 54 127 102
12379 85 68 163
12504 61 127 102
12504 76 65 164
12629 54 120 102
12673 61 127 102
12754 78 61 160
12838 62 127 102
12882 86 71 162
13004 61 127 99
13004 81 69 164
13129 61 127 100
13173 54 127 102
13257 85 68 160
13338 54 127 99
13379 76 65 162
13504 61 127 102
13506 78 61 164
13629 54 120 100
13673 61 127 102
13754 86 71 160
13840 62 127 100
13882 81 69 160
14004 61 127 97
14007 85 68 162
14132 61 127 97
14170 54 103 97
14257 76 65 163
14340 54 127 97
14386 81 26 160
14504 54 127 93
14506 81 45 162
14632 61 127 98
14670 54 120 97
14757 78 61 165
14840 61 127 97
14881 86 71 160
15004 62 127 98
15005 81 69 162
15132 61 127 99
15170 61 127 97
15257 85 68 165
15340 54 103 97
15380 76 65 160
15505 61 124 99
15507 81 26 161
15632 54 127 97
15670 54 127 97
15757 81 45 165
15840 61 127 97
15882 81 54 160
16006 54 120 97
16008 61 127 98
16132 78 61 158
16173 62 127 97
16257 86 71 160
16340 61 127 97
16382 81 69 160
16505 61 127 97
16506 54 103 99
16632 85 68 160
16670 61 124 97
16757 76 65 163
16837 54 127 97
16882 81 26 165
17005 54 127 97
17007 81 45 161
17132 61 127 97
17171 54 120 97
17257 81 54 162
17337 61 127 97
17382 78 61 165
17507 62 127 97
17507 86 71 159
17630 61 127 97
17671 61 127 99
17757 81 69 162
17837 54 103 97
17879 85 68 165
18007 61 124 100
18007 76 65 159
18129 76 79 99
18173 73 70 100
18254 81 26 160
18337 66 120 102
18379 81 45 165
18504 69 42 102
18507 54 127 102
18629 81 54 161
18673 54 127 102
18754 78 61 160
18837 61 127 102
18879 86 71 163
19004 54 120 102
19004 81 69 164
19132 61 127 102
19172 62 127 99
19254 85 68 161
19338 61 127 100
19379 76 65 162
19504 61 127 102
19507 81 26 164
19629 54 103 99
19671 61 124 102
19754 81 45 162
19838 76 79 102
19879 81 54 162
20004 73 70 102
20006 78 15 162
20129 66 120 100
20173 69 42 102
20254 78 45 160
20338 54 127 100
20382 78 8 162
20505 54 127 97
20507 90 65 163
20636 61 127 97
20672 54 120 93
20756 78 55 163
20839 61 127 98
20882 78 45 161
21004 62 127 97
21005 78 61 162
21131 61 127 99
21168 61 127 98
21255 86 71 167
21338 54 103 99
21382 81 69 162
21505 61 124 97
21507 85 68 161
21630 76 79 97
21670 73 70 99
21757 76 65 165
21840 66 120 97
21882 81 26 160
22005 69 42 97
22007 81 45 161
22132 54 127 97
22170 54 127 97
22256 81 54 165
22340 61 127 98
22382 78 15 160
22505 54 120 97
22507 78 45 161
22632 61 127 97
22670 62 127 97
22755 78 8 165
22840 61 127 99
22882 90 65 160
23005 61 127 97
23007 78 55 161
23132 54 103 97
23171 61 124 97
23257 78 45 162
23337 76 79 97
23382 78 61 165
23507 73 70 97
23507 86 71 159
23632 66 120 97
23671 69 42 97
23757 81 69 162
23837 54 127 97
23880 85 68 165
24007 54 127 99
24007 76 65 159
24132 61 127 97
24171 54 120 97
24257 81 26 162
24340 61 127 97
24382 81 45 160
24507 62 127 97
24507 81 54 159
24629 61 127 97
24671 61 127 102
24754 78 15 162
24837 54 103 102
24879 78 45 165
25004 61 124 102
25007 76 79 102
25129 78 8 161
25173 73 70 102
25254 90 65 160
25335 66 120 102
25382 78 55 165
25502 69 42 99
25504 78 45 164
25629 54 127 100
25673 54 127 102
25757 78 61 160
25838 61 127 99
25879 86 71 162
26004 54 120 102
26004 81 69 164
26129 61 127 102
26173 62 127 105
26254 85 68 160
26338 61 127 102
26379 76 65 162
26504 61 127 102
26506 81 26 164
26629 54 103 100
26673 61 124 100
26757 81 45 160
26838 76 79 99
26885 81 54 164
27006 73 70 94
27007 66 120 98
27132 78 15 159
27173 69 42 97
27255 78 45 160
27338 47 114 99
27379 78 8 162
27504 62 111 100
27505 90 65 162
27632 62 90 99
27670 47 124 97
27757 78 55 165
27840 54 127 97
27880 78 45 160
28005 54 127 99
28011 95 53 161
28132 61 127 93
28170 54 120 97
28257 76 35 165
28340 61 127 97
28382 88 58 160
28506 62 127 97
28508 61 127 98
28630 86 58 158
28673 61 127 99
28757 81 29 160
28840 54 103 97
28882 81 47 160
29004 61 124 97
29005 86 65 162
29132 76 79 99
29170 73 70 97
29257 95 59 165
29338 66 120 97
29382 76 46 162
29505 69 42 97
29507 88 54 161
29631 47 114 97
29671 62 111 98
29757 81 39 162
29837 62 90 97
29882 86 47 165
30007 47 124 97
30007 78 61 159
30130 47 127 97
30171 62 115 99
30257 86 71 162
30337 62 93 97
30382 81 69 165
30507 54 127 97
30507 85 68 159
30632 54 127 97
30671 61 127 97
30757 76 65 162
30837 54 120 97
30882 81 26 165
31007 61 127 97
31007 81 45 159
31129 62 127 97
31171 61 127 100
31254 81 54 162
31337 61 127 102
31379 78 15 165
31504 54 103 102
31507 61 124 102
31632 78 45 159
31673 76 79 99
31754 78 8 160
31837 73 70 100
31879 90 65 165
32004 66 120 102
32007 69 42 102
32129 78 55 161
32171 47 114 102
32254 78 45 162
32338 62 111 102
32379 95 53 162
32504 62 90 100
32505 76 35 167
32629 47 124 101
32678 47 127 102
32754 88 58 155
32838 62 115 102
32879 86 58 162
33004 62 93 100
33004 81 29 164
33132 54 127 102
33172 54 127 97
33254 81 47 161
33337 61 127 102
33379 86 65 163
33504 54 120 102
33504 95 59 164
33631 61 127 102
33673 62 127 98
33755 76 46 160
33838 61 127 99
33882 88 54 162
34004 61 127 97
34007 81 39 162
34132 54 103 97
34170 61 124 97
34261 86 47 165
34340 76 79 93
34382 78 61 160
34505 73 70 97
34507 86 71 161
34632 66 120 97
34670 69 42 97
34756 81 69 165
34840 47 114 98
34880 85 68 160
35005 62 111 99
35007 76 65 161
35132 62 90 97
35170 47 124 97
35255 81 26 165
35340 47 127 99
35382 81 45 160
35505 62 115 97
35507 81 54 161
35632 62 93 97
35670 54 99 97
35757 78 15 165
35840 61 127 97
35881 78 45 160
36007 61 127 98
36007 78 8 159
36132 54 127 97
36171 57 61 97
36257 90 65 162
36337 62 127 97
36380 78 55 165
36505 54 127 99
36507 78 45 161
36632 54 127 97
36671 61 127 97
36757 95 53 164
36840 54 120 97
36882 76 35 160
37007 61 127 97
37007 88 58 159
37132 62 127 97
37171 61 127 97
37257 86 58 162
37337 61 127 97
37382 81 29 165
37506 54 103 97
37507 81 47 160
37632 61 124 97
37671 76 79 97
37754 86 65 162
37837 73 70 100
37882 95 59 165
38004 66 120 99
38005 69 42 100
38129 76 46 161
38171 47 114 102
38257 88 54 162
38337 62 111 99
38379 81 39 165
38504 62 90 102
38507 47 124 102
38629 86 47 161
38673 47 127 102
38754 95 38 160
38838 62 115 102
38879 95 38 162
39004 62 93 102
39007 95 65 164
39129 54 99 99
39173 61 127 100
39254 97 79 160
39338 61 127 102
39382 93 59 164
39504 54 127 97
39507 57 61 102
39629 78 61 159
39673 62 127 102
39754 86 71 160
39838 61 70 102
39879 81 69 162
40004 54 127 102
40006 85 68 164
40132 54 127 98
40173 61 127 97
40255 76 65 160
40338 54 120 99
40382 81 26 162
40504 61 127 97
40511 81 45 162
40631 62 127 93
40670 61 127 98
40757 81 54 165
40840 61 127 97
40880 78 15 160
41006 54 103 99
41008 61 124 98
41130 78 45 158
41173 76 79 99
41257 78 8 160
41340 73 70 97
41382 90 65 160
41504 66 120 97
41505 78 55 162
41632 69 42 99
41670 47 114 97
41757 78 45 165
41840 62 111 97
41882 95 53 160
42007 62 90 97
42007 76 35 159
42131 47 124 97
42170 47 127 98
42257 88 58 165
42340 62 115 97
42382 86 58 160
42505 62 93 97
42507 81 29 161
42630 54 99 97
42670 61 127 99
42757 81 47 163
42837 61 127 97
42882 86 65 163
43007 54 127 97
43007 95 59 159
43132 57 61 97
43171 62 127 97
43257 76 46 162
43337 61 70 97
43382 88 54 165
43507 54 127 97
43507 81 39 164
43632 54 127 97
43675 61 127 97
43755 86 47 158
43837 54 120 99
43882 95 38 165
44007 61 127 97
44007 95 38 159
44132 62 127 97
44171 61 127 97
44257 95 65 162
44337 61 127 97
44340 97 79 165
44379 42 53 57
44504 54 103 100
44505 61 124 102
44507 42 53 57
44629 93 59 159
44670 76 79 102
44673 42 53 59
44754 93 62 160
44837 73 70 102
44837 42 53 60
44837 42 53 60
44879 86 32 165
45004 66 120 105
45007 69 42 102
45011 88 44 164
45129 42 53 51
45173 47 114 102
45178 42 53 56
45257 88 39 155
45340 62 111 99
45340 42 53 57
45341 42 53 57
45379 85 51 159
45504 62 90 100
45506 47 124 102
45507 42 53 56
45632 90 55 161
45670 47 127 99
45673 42 53 59
45754 78 61 160
45837 62 115 102
45840 86 71 163
45840 42 53 57
45879 42 53 57
46004 62 93 102
46004 81 69 164
46005 54 99 105
46129 42 53 59
46171 61 127 102
46173 42 53 58
46254 85 68 160
46337 61 127 102
46337 42 53 58
46338 40 59 58
46379 76 65 162
46504 54 127 102
46506 81 26 164
46507 57 61 98
46632 42 53 57
46673 62 127 97
46673 40 59 56
46758 81 45 160
46837 61 70 96
46839 42 53 58
46840 40 59 56
46879 81 54 160
47004 45 75 100
47007 78 15 162
47007 45 59 57
47130 54 93 97
47170 64 111 101
47173 78 45 165
47254 42 53 56
47337 57 103 100
47339 40 59 60
47340 45 59 62
47380 78 8 160
47505 61 124 99
47507 90 65 161
47507 42 53 55
47632 54 127 97
47670 54 127 97
47673 78 55 165
47755 40 59 56
47837 61 127 99
47839 45 59 58
47840 45 57 56
47882 78 45 160
48004 54 120 97
48005 45 55 58
48007 95 53 161
48132 61 127 97
48170 62 127 97
48172 76 35 165
48257 42 53 59
48340 61 127 97
48340 40 59 55
48340 45 59 55
48381 88 58 160
48504 61 127 98
48504 45 57 58
48507 86 58 162
48632 54 103 97
48670 61 124 97
48671 81 29 165
48757 45 55 60
48838 76 79 97
48838 42 63 57
48840 42 55 59
48880 81 47 160
49004 73 70 99
49005 42 53 58
49007 86 65 161
49132 66 120 97
49170 69 42 97
49173 95 59 165
49257 40 59 58
49340 47 114 97
49340 45 59 55
49340 45 57 57
49382 76 46 160
49504 62 111 97
49507 45 55 58
49507 88 54 159
49632 62 90 97
49671 47 124 97
49672 81 39 162
49757 42 63 59
49837 47 127 97
49839 86 47 165
49839 42 55 56
49882 42 53 58
50004 62 115 97
50005 40 59 58
50006 62 93 99
50132 95 38 160
50168 54 99 97
50172 45 59 63
50257 95 38 161
50337 61 127 97
50338 95 65 165
50338 45 57 57
50382 45 55 59
50505 61 127 97
50505 42 63 57
50507 97 79 161
50632 54 127 97
50670 57 61 97
50671 42 55 59
50754 93 59 162
50837 62 127 102
50840 93 62 165
50840 42 53 57
50879 40 59 57
51004 61 70 100
51007 45 75 102
51007 45 59 55
51129 86 32 159
51170 54 93 102
51173 45 57 59
51254 88 44 160
51337 64 111 102
51340 88 39 165
51340 45 55 57
51379 42 63 57
51507 57 103 102
51507 42 55 55
51507 85 51 161
51629 61 124 99
51670 45 127 100
51673 42 33 59
51754 90 55 160
51838 45 124 102
51840 90 53 164
51840 47 47 55
51882 49 1 55
52006 64 88 99
52007 61 90 100
52007 49 44 55
52129 78 51 159
52171 54 84 102
52173 49 6 58
52254 81 57 160
52337 57 111 105
52337 49 41 58
52338 45 57 58
52379 76 62 162
52504 54 127 102
52504 86 67 164
52507 54 127 102
52629 42 53 57
52673 61 127 102
52673 40 59 56
52754 85 58 160
52837 54 120 102
52837 45 59 58
52840 45 57 58
52879 86 55 160
53004 61 127 102
53007 85 65 164
53010 45 55 57
53131 62 127 94
53173 61 127 100
53173 42 63 56
53254 81 39 160
53340 61 127 100
53340 42 55 55
53340 42 33 55
53380 78 30 162
53504 54 103 99
53507 61 124 100
53507 47 47 57
53630 76 58 159
53673 76 79 99
53673 49 1 56
53757 81 13 160
53837 73 70 97
53839 49 44 58
53840 49 6 56
53882 81 51 160
54005 66 120 97
54005 78 35 161
54007 69 42 99
54136 49 41 57
54170 47 114 93
54173 85 57 165
54257 45 57 56
54335 62 111 97
54339 52 49 62
54340 52 49 62
54382 88 49 160
54505 62 90 97
54505 42 30 57
54507 88 51 161
54631 47 124 97
54668 47 127 98
54673 76 57 167
54755 49 35 58
54838 62 115 99
54838 45 55 57
54840 81 47 162
54882 42 53 57
55004 62 93 97
55005 40 59 58
55007 78 45 161
55130 54 99 97
55170 61 127 99
55173 81 49 165
55257 45 59 58
55340 61 127 97
55340 45 57 55
55340 45 55 57
55382 78 50 160
55504 54 127 97
55505 42 63 58
55507 78 61 161
55632 57 61 97
55670 62 127 97
55673 86 71 165
55756 42 55 58
55840 61 70 98
55840 42 33 55
55840 47 47 61
55882 81 69 160
56007 45 75 97
56007 49 1 55
56007 85 68 159
56132 54 93 97
56171 64 111 97
56173 76 65 162
56255 49 44 56
56338 57 103 99
56340 49 6 57
56340 49 41 55
56382 81 26 160
56504 61 124 97
56507 45 57 58
56507 81 45 159
56632 45 127 97
56670 45 124 97
56671 52 49 59
56757 81 54 162
56837 64 88 97
56840 78 15 165
56840 52 49 57
56882 42 30 57
57005 61 90 97
57007 49 35 57
57007 78 45 159
57132 54 84 97
57170 57 111 97
57171 45 55 59
57257 78 8 162
57337 69 93 97
57340 90 65 165
57340 35 65 57
57382 35 22 57
57507 45 1 97
57507 78 55 159
57508 54 79 97
57629 33 50 54
57673 69 63 102
57673 33 30 56
57757 78 45 160
57840 57 28 99
57840 35 69 57
57840 35 46 57
57879 95 53 160
58004 54 127 100
58006 54 127 102
58007 35 62 56
58132 76 35 159
58170 61 127 99
58173 33 66 59
58254 88 58 160
58337 54 120 102
58340 86 58 163
58340 33 51 57
58379 33 59 57
58504 61 127 102
58504 81 29 164
58505 62 127 105
58629 33 46 57
58670 61 127 102
58671 33 47 59
58754 81 47 162
58837 61 127 102
58837 35 66 58
58838 37 68 58
58879 86 65 162
59004 54 103 102
59004 95 59 164
59007 61 124 100
59129 37 18 57
59173 76 79 102
59173 42 53 56
59257 76 46 160
59337 73 70 97
59337 40 59 58
59338 45 59 58
59379 88 54 162
59504 66 120 102
59506 81 39 164
59507 69 42 100
59629 45 57 57
59673 47 114 100
59673 45 55 56
59754 86 47 160
59837 62 111 100
59837 42 63 58
59840 42 55 58
59880 95 38 160
60004 62 90 99
60007 95 38 164
60007 42 33 60
60132 47 124 97
60173 47 127 97
60173 47 47 56
60252 95 65 162
60337 62 115 102
60339 49 1 58
60340 49 44 56
60386 97 79 160
60504 62 93 93
60507 93 59 162
60507 49 6 57
60632 54 99 97
60670 61 127 97
60672 93 62 165
60757 49 41 57
60837 61 127 97
60839 45 57 58
60840 52 49 56
60881 86 32 160
61004 54 127 98
61005 88 44 162
61007 57 61 99
61132 52 49 57
61170 62 127 97
61173 88 39 165
61257 42 30 58
61338 61 70 97
61338 49 35 57
61340 45 55 57
61380 85 51 160
61504 45 75 99
61505 35 65 58
61507 90 55 161
61632 54 93 97
61670 64 111 97
61678 90 53 163
61757 35 22 53
61837 57 103 97
61840 78 51 163
61840 33 50 55
61882 33 30 57
62004 61 124 97
62006 35 69 58
62008 45 127 98
62132 81 57 158
62170 45 124 97
62172 76 62 165
62257 35 46 59
62339 64 88 97
62339 35 62 56
62340 33 66 58
62382 86 67 160
62504 61 90 97
62505 33 51 58
62506 54 84 99
62632 85 58 160
62670 57 111 97
62673 86 55 163
62757 33 59 58
62837 69 93 97
62838 85 65 165
62838 33 46 57
62882 33 47 57
63004 45 1 97
63005 35 66 58
63007 81 39 161
63132 54 79 97
63171 69 63 97
63173 78 30 162
63257 37 68 58
63337 57 28 97
63340 76 58 165
63340 37 18 55
63382 37 1 57
63505 71 63 97
63507 42 53 57
63507 81 13 159
63632 54 79 97
63670 57 33 97
63671 40 59 59
63757 81 51 162
63837 71 127 97
63840 78 35 165
63840 45 59 57
63879 45 57 57
64007 71 102 100
64007 45 55 55
64007 85 57 159
64129 69 106 97
64170 54 127 100
64173 42 63 61
64254 88 49 160
64337 54 127 102
64340 88 51 165
64340 42 55 55
64379 42 33 61
64504 61 127 102
64507 54 120 102
64507 47 47 55
64629 76 57 159
64670 61 127 102
64673 49 1 59
64754 81 47 160
64837 62 127 105
64840 78 45 163
64840 49 44 57
64879 49 6 57
65004 61 127 102
65004 81 49 164
65007 61 127 102
65132 49 41 55
65170 54 103 99
65173 45 57 59
65254 78 50 160
65338 61 124 100
65338 52 49 59
65343 81 49 162
65379 52 49 54
65504 76 79 102
65505 85 53 164
65507 42 30 59
65629 73 70 97
65671 66 120 102
65673 76 46 162
65754 49 35 56
65838 69 42 102
65840 86 59 162
65840 45 55 55
65879 35 65 55
66004 47 114 100
66006 78 61 162
66007 62 111 100
66129 35 22 57
66173 62 90 102
66173 33 50 56
66254 86 71 160
66337 47 124 100
66337 33 30 58
66338 35 69 58
66382 81 69 162
66505 47 127 97
66506 85 68 163
66507 35 46 58
66636 62 115 97
66672 62 93 93
66673 76 65 161
66756 35 62 56
66835 54 99 98
66839 33 66 62
66839 33 51 58
66882 81 26 161
67004 61 127 97
67005 81 45 162
67005 33 59 57
67131 61 127 99
67168 54 127 98
67171 81 54 167
67255 33 46 58
67337 57 61 99
67337 33 47 58
67338 35 66 58
67382 78 15 162
67505 62 127 97
67507 78 45 161
67507 37 68 57
67630 61 70 97
67670 45 75 99
67673 78 8 165
67757 37 18 58
67837 54 93 97
67839 37 1 58
67840 30 61 56
67882 90 65 160
68004 64 111 97
68007 30 59 58
68007 78 55 159
68132 57 103 97
68170 61 124 97
68173 78 45 165
68256 30 50 58
68338 45 127 98
68340 30 45 63
68340 42 53 61
68382 95 53 160
68507 45 124 97
68507 30 67 55
68507 76 35 159
68632 64 88 97
68670 61 90 97
68673 88 58 163
68755 30 45 56
68840 54 84 99
68840 30 41 55
68840 33 67 55
68882 86 58 160
69004 57 111 97
69007 33 47 58
69007 81 29 159
69132 69 93 97
69170 45 1 97
69173 81 47 163
69257 30 63 58
69337 54 79 97
69340 86 65 165
69340 30 28 55
69382 30 71 57
69504 69 63 97
69507 42 53 58
69507 95 59 159
69632 57 28 97
69670 71 63 97
69673 76 46 163
69757 40 59 58
69837 54 79 97
69840 88 54 165
69840 45 59 57
69880 45 57 57
70007 57 33 99
70007 81 39 159
70008 71 127 97
70132 45 55 54
70171 71 102 97
70173 86 47 162
70257 42 63 56
70340 69 106 97
70340 42 55 57
70340 42 33 57
70382 95 38 160
70506 64 120 97
70507 47 47 56
70507 95 38 159
70629 49 88 97
70670 52 99 102
70673 49 1 59
70754 95 65 160
70837 61 90 102
70840 97 79 165
70840 49 44 57
70879 49 6 57
71002 54 127 102
71004 49 41 60
71007 54 127 102
71129 93 59 159
71170 61 127 102
71173 45 57 59
71254 93 62 160
71335 54 120 102
71340 86 32 167
71340 52 49 57
71382 52 49 57
71504 61 127 99
71507 62 127 100
71507 42 30 55
71629 88 44 161
71670 61 127 102
71673 49 35 59
71757 88 39 160
71838 61 127 99
71840 85 51 162
71840 45 55 57
71879 35 65 57
72004 54 103 102
72004 90 55 164
72007 61 124 102
72129 35 22 55
72170 76 79 105
72173 33 50 59
72254 90 53 160
72337 73 70 102
72337 33 30 58
72338 35 69 58
72379 78 51 162
72504 66 120 102
72506 81 57 164
72507 69 42 100
72629 35 46 60
72673 47 114 102
72678 76 62 160
72754 35 62 51
72837 62 111 102
72837 33 66 58
72840 33 51 58
72885 86 67 160
73006 62 90 94
73007 47 124 98
73007 33 59 57
73132 85 58 159
73173 47 127 97
73173 33 46 56
73255 86 55 160
73337 62 115 99
73337 33 47 58
73340 35 66 58
73381 85 65 160
73504 62 93 98
73505 81 39 162
73507 54 99 99
73632 37 68 57
73670 61 127 97
73673 78 30 165
73757 37 18 56
73837 61 127 97
73837 37 1 58
73840 30 61 58
73880 76 58 160
74005 54 127 99
74007 81 13 161
74007 30 59 57
74132 57 61 97
74170 62 127 97
74178 81 51 165
74257 30 50 51
74340 61 70 97
74340 30 45 55
74343 78 35 160
74382 42 53 52
74506 45 75 97
74507 54 93 98
74508 30 67 55
74632 85 57 158
74672 64 111 97
74673 30 45 59
74757 88 49 160
74837 57 103 97
74839 30 41 58
74840 33 67 56
74882 88 51 160
75004 61 124 97
75005 33 47 58
75006 45 127 99
75132 76 57 160
75172 45 124 97
75173 81 47 163
75257 30 63 58
75338 64 88 97
75338 30 28 57
75340 30 71 59
75382 78 45 160
75504 61 90 97
75505 45 59 58
75507 81 49 161
75632 54 84 97
75670 57 111 97
75673 78 50 165
75757 42 21 58
75838 69 93 97
75840 42 63 57
75840 47 63 57
75882 81 49 162
76004 45 1 97
76007 47 55 58
76007 85 53 159
76130 54 79 97
76171 69 63 99
76173 76 46 162
76257 42 61 58
76337 57 28 97
76340 86 59 165
76340 42 53 55
76382 40 59 57
76504 71 63 97
76507 45 59 58
76507 78 70 159
76632 54 79 97
76670 57 33 97
76671 45 57 61
76757 92 71 162
76837 71 127 97
76840 90 74 165
76840 45 55 55
76879 42 63 57
77005 71 102 100
77007 42 55 57
77007 80 71 159
77132 69 106 97
77170 64 120 97
77171 42 33 59
77257 81 63 162
77337 49 88 97
77339 93 63 165
77339 47 47 58
77379 49 1 58
77504 52 99 102
77506 61 90 102
77507 49 44 56
77632 95 70 159
77670 62 114 99
77672 49 6 59
77754 83 68 161
77837 59 127 100
77840 78 61 165
77840 49 41 57
77879 45 57 57
78005 45 85 102
78007 52 49 57
78007 86 71 161
78129 59 120 99
78170 62 120 102
78171 52 49 59
78254 81 69 162
78338 47 115 102
78340 85 68 162
78340 42 30 57
78379 49 35 57
78504 47 115 105
78504 76 65 162
78507 59 88 102
78629 45 55 55
78670 62 127 102
78673 35 65 59
78754 81 26 160
78838 54 127 102
78840 81 45 162
78840 35 22 55
78879 33 50 55
79004 54 127 102
79006 81 54 164
79006 33 30 58
79132 61 127 100
79172 54 120 97
79172 35 69 57
79254 78 15 161
79337 61 127 102
79337 35 46 58
79337 35 62 58
79379 78 45 163
79504 62 127 102
79504 78 8 164
79505 61 127 100
79631 33 66 57
79671 61 127 98
79671 33 51 58
79755 90 65 162
79837 54 103 99
79837 33 59 58
79838 33 46 58
79882 78 55 162
80004 61 124 97
80007 78 45 162
80007 33 47 57
80130 76 79 97
80170 73 70 99
80173 95 53 165
80261 35 66 56
80337 66 120 93
80339 37 68 58
80340 37 18 56
80382 76 35 160
80505 69 42 97
80507 88 58 161
80507 37 1 57
80632 47 114 97
80670 62 111 97
80673 86 58 165
80756 30 61 56
80837 62 90 98
80839 30 59 60
80840 30 50 62
80880 81 29 160
81005 47 124 99
81007 81 47 161
81007 30 45 55
81132 47 127 97
81170 62 115 97
81173 86 65 165
81255 42 53 56
81338 62 93 99
81340 30 67 57
81340 30 45 55
81382 95 59 160
81504 54 99 97
81507 30 41 58
81507 76 46 159
81632 61 127 97
81670 61 127 97
81673 88 54 165
81757 33 67 58
81840 54 127 97
81840 33 47 55
81840 30 63 57
81881 81 39 160
82004 57 61 98
82007 30 28 58
82007 86 47 159
82132 62 127 97
82170 61 70 97
82173 95 38 165
82257 30 71 58
82338 45 75 97
82340 95 38 162
82340 45 59 55
82380 42 21 57
82507 54 93 99
82507 42 63 55
82507 95 65 159
82632 64 111 97
82671 57 103 97
82673 97 79 162
82757 47 63 58
82840 61 124 97
82840 47 55 55
82840 42 61 57
82882 93 59 160
83004 45 127 97
83007 37 63 58
83007 93 62 159
83132 45 124 97
83170 64 88 97
83171 38 67 61
83257 86 32 162
83337 61 90 97
83340 88 44 165
83340 38 38 57
83382 37 40 57
83507 54 84 97
83507 37 67 55
83507 88 39 159
83629 57 111 97
83668 69 93 100
83673 38 63 61
83757 85 51 160
83835 45 1 97
83838 90 55 167
83838 30 61 57
83882 30 61 57
84005 54 79 99
84005 30 41 57
84007 90 53 161
84129 69 63 97
84170 57 28 102
84171 30 46 59
84257 78 51 162
84337 71 63 99
84340 81 57 165
84340 30 51 57
84379 37 71 57
84504 54 79 102
84505 57 33 102
84507 37 51 57
84629 76 62 161
84670 71 127 105
84673 37 38 59
84754 86 67 160
84838 71 102 102
84840 85 58 162
84840 37 59 57
84879 30 61 57
85004 69 106 102
85004 86 55 164
85007 64 120 102
85129 30 47 55
85170 49 88 100
85173 30 44 59
85254 85 65 160
85338 52 99 102
85340 81 39 164
85340 37 53 55
85382 37 55 55
85506 61 90 97
85507 62 114 100
85507 37 55 55
85629 78 30 159
85673 59 127 102
85673 37 61 56
85754 76 58 160
85837 45 85 102
85837 38 69 58
85838 38 62 58
85879 81 13 162
86004 59 120 102
86006 81 51 164
86007 62 120 98
86130 38 62 57
86173 47 115 99
86173 38 65 56
86255 78 35 160
86337 47 115 99
86337 38 63 58
86340 37 57 58
86382 85 57 160
86504 59 88 97
86507 88 49 164
86511 37 53 57
86632 62 127 93
86673 42 49 97
86673 37 51 56
86757 88 51 160
86840 42 99 97
86840 30 44 55
86843 76 57 165
86882 30 61 52
87006 40 75 97
87007 40 115 98
87008 42 53 57
87130 81 47 158
87172 42 97 99
87173 40 59 57
87257 78 45 160
87337 42 66 97
87339 45 59 58
87340 45 57 56
87382 81 49 160
87504 54 127 97
87504 45 55 58
87505 78 50 162
87632 54 127 99
87670 61 127 97
87673 81 49 165
87757 42 63 58
87838 54 120 97
87840 42 55 57
87840 42 33 55
87882 85 53 160
88004 61 127 97
88005 47 47 58
88007 76 46 161
88131 62 127 97
88170 61 127 98
88173 86 59 165
88257 49 1 58
88340 61 127 97
88340 49 44 55
88340 49 6 57
88382 78 70 160
88504 54 103 97
88507 49 41 58
88507 92 71 159
88630 61 124 97
88670 76 79 99
88673 90 74 165
88757 45 57 58
88840 73 70 97
88840 52 49 55
88840 52 49 57
88882 80 71 162
89004 66 120 97
89007 42 30 58
89007 81 63 159
89132 69 42 97
89171 47 114 97
89173 93 63 162
89257 49 35 56
89337 62 111 97
89340 95 70 165
89340 45 55 55
89382 35 65 61
89504 62 90 97
89507 35 22 58
89507 83 68 159
89632 47 124 97
89671 47 127 97
89673 76 50 162
89757 33 50 56
89837 62 115 97
89840 76 53 165
89840 33 30 57
89882 35 69 57
90004 62 93 97
90007 35 46 58
90007 76 45 159
90132 54 99 97
90170 61 127 97
90170 35 62 59
90257 76 68 163
90337 61 127 97
90340 88 31 165
90340 33 66 57
90379 33 51 57
90505 54 127 100
90507 33 59 57
90507 88 63 159
90629 57 61 99
90670 62 127 102
90671 33 46 59
90754 76 42 162
90837 61 70 102
90844 78 61 165
90844 33 47 53
90879 35 66 53
91004 45 75 105
91007 54 93 102
91011 86 71 164
91129 37 68 51
91170 64 111 102
91178 37 18 59
91257 81 69 155
91340 57 103 99
91340 37 1 57
91341 30 61 57
91379 85 68 159
91504 61 124 100
91506 45 127 102
91507 30 59 58
91632 76 65 161
91670 45 124 97
91672 30 50 59
91754 81 26 161
91837 64 88 102
91840 81 45 163
91840 30 45 57
91879 42 53 57
92004 61 90 102
92004 81 54 164
92007 54 84 102
92129 30 67 57
92171 57 111 102
92171 30 45 58
92254 78 15 162
92337 69 93 102
92337 30 41 58
92338 33 67 58
92379 78 45 162
92504 45 1 102
92506 78 8 164
92507 54 79 100
92629 33 47 57
92671 69 63 100
92673 30 63 58
92758 90 65 160
92837 57 28 96
92839 30 28 58
92840 30 71 56
92881 78 55 160
93004 71 63 98
93007 78 45 164
93007 45 59 57
93132 54 79 97
93173 57 33 97
93173 42 21 56
93256 95 53 160
93337 71 127 98
93339 42 63 58
93340 47 63 56
93380 76 35 160
93504 71 102 99
93507 88 58 162
93507 47 55 55
93632 69 106 97
93670 64 120 97
93673 86 58 165
93755 42 61 56
93837 49 88 99
93839 37 63 58
93840 38 67 56
93882 81 29 160
94005 52 99 97
94007 81 47 161
94007 38 38 55
94132 61 90 97
94170 62 114 97
94173 86 65 165
94257 37 40 58
94340 59 127 97
94340 37 67 55
94340 38 63 55
94381 95 59 160
94504 45 85 98
94505 30 61 58
94507 76 46 161
94632 59 120 97
94670 62 120 97
94671 88 54 165
94757 30 61 60
94838 47 115 97
94838 30 41 57
94840 30 46 59
94880 81 39 160
95004 47 115 99
95005 30 51 58
95007 86 47 161
95132 59 88 97
95170 62 127 97
95173 95 38 165
95257 37 71 58
95338 42 49 97
95340 37 51 57
95340 37 38 57
95382 95 38 160
95504 42 99 97
95507 37 59 58
95507 95 65 159
95632 40 75 97
95671 40 115 97
95672 97 79 162
95757 30 61 59
95837 42 97 97
95839 93 59 165
95839 30 47 56
95882 30 44 58
96004 42 66 97
96005 37 53 58
96006 78 22 99
96132 93 62 160
96168 49 67 97
96172 37 55 63
96257 86 32 161
96337 52 127 97
96338 88 44 165
96338 37 55 57
96382 37 61 57
96505 76 72 97
96505 38 69 57
96507 88 39 161
96629 76 94 97
96670 54 127 100
96671 38 62 59
96754 85 51 162
96837 54 127 100
96840 90 55 165
96840 38 62 57
96879 38 65 57
97005 61 127 100
97007 38 63 57
97007 90 53 159
97129 54 120 99
97170 61 127 102
97171 37 57 59
97254 78 51 162
97337 62 127 102
97340 81 57 165
97340 37 53 57
97379 37 51 57
97507 61 127 102
97507 30 44 55
97507 76 62 159
97629 61 127 99
97670 54 103 100
97673 30 61 59
97754 86 67 160
97838 61 124 102
97840 85 58 164
97840 33 66 55
97882 33 63 55
98004 76 79 97
98007 73 70 102
98007 33 46 55
98129 86 55 159
98170 66 120 102
98173 38 66 59
98254 85 65 160
98338 69 42 105
98340 81 39 162
98340 38 67 55
98379 38 41 55
98504 47 114 102
98504 78 30 164
98507 62 111 102
98629 33 71 57
98673 62 90 102
98673 33 58 56
98754 76 58 160
98837 47 124 102
98837 33 59 58
98838 38 68 58
98881 81 13 162
99004 47 127 100
99007 81 51 164
99010 38 63 57
99129 62 115 94
99173 62 93 102
99173 38 38 56
99254 78 35 160
99340 54 99 100
99340 33 62 55
99340 33 51 55
99380 85 57 162
99506 61 127 99
99507 61 127 98
99507 33 66 57
99630 88 49 159
99673 54 127 99
99673 38 59 56
99757 88 51 160
99837 57 61 97
99839 45 61 58
99840 45 47 56
99882 76 57 160
100005 62 127 97
100006 61 70 99
100007 81 47 160
100132 42 41 57
100170 45 75 97
100173 78 45 165
100257 42 63 56
100335 54 93 97
100339 42 16 60
100340 45 55 56
100382 81 49 160
100505 64 111 97
100507 78 50 161
100507 45 36 55
100631 57 103 97
100668 61 124 98
100673 81 49 167
100757 42 61 58
100838 45 127 97
100838 30 58 57
100840 85 53 162
100882 33 73 57
101004 45 124 97
101005 42 53 58
101007 76 46 161
101130 64 88 97
101170 61 90 99
101173 86 59 165
101257 40 59 58
101338 54 84 97
101340 45 59 57
101340 45 57 57
101382 78 70 160
101504 57 111 97
101505 45 55 58
101507 92 71 161
101632 69 93 97
101670 45 1 97
101673 90 74 163
101756 42 63 58
101837 54 79 98
101840 80 71 163
101840 42 55 61
101882 42 33 61
102007 69 63 97
102007 47 47 55
102007 81 63 161
102132 57 28 97
102173 71 63 97
102175 49 1 56
102255 93 63 158
102340 54 79 99
102340 49 44 55
102340 49 6 57
102382 95 70 162
102504 57 33 97
102507 49 41 58
102507 83 68 159
102632 71 127 97
102671 71 102 97
102673 76 50 162
102757 45 57 58
102837 69 106 97
102840 76 53 165
102840 52 49 57
102882 52 49 57
103004 64 120 97
103005 49 88 100
103007 42 30 57
103132 76 45 159
103170 52 99 97
103170 49 35 61
103257 76 68 163
103337 61 90 97
103340 88 31 165
103340 45 55 57
103382 35 65 57
103507 62 114 97
103507 88 63 164
103508 59 127 97
103629 35 22 54
103673 45 85 102
103678 33 50 56
103757 76 42 155
103840 59 120 99
103840 33 30 57
103840 35 69 57
103879 78 61 160
104004 62 120 100
104006 47 115 102
104007 35 46 56
104132 86 71 159
104170 47 115 99
104173 35 62 59
104254 81 69 160
104337 59 88 102
104340 85 68 165
104340 33 66 57
104379 33 51 57
104504 62 127 102
104505 42 49 102
104507 33 59 57
104629 76 65 161
104670 42 99 102
104671 33 46 59
104754 81 26 162
104837 40 75 102
104837 33 47 58
104838 35 66 58
104879 81 45 162
105004 40 115 102
105004 81 54 164
105007 42 97 102
105129 37 68 55
105171 42 66 102
105173 37 18 58
105257 78 15 160
105337 78 22 97
105337 37 1 58
105338 30 61 58
105379 78 45 162
105504 49 67 102
105506 78 8 164
105507 52 127 100
105629 30 59 57
105673 76 72 102
105673 30 50 56
105754 90 65 160
105837 76 94 102
105837 30 45 58
105840 42 53 58
105879 78 55 160
106004 78 93 100
106007 78 45 164
106007 30 67 55
106132 50 76 97
106173 42 127 97
106173 30 45 56
106252 95 53 160
106337 45 124 102
106339 30 41 58
106340 33 67 56
106386 76 35 160
106504 42 114 95
106506 88 58 162
106507 49 33 98
106632 33 47 57
106670 61 6 97
106672 86 58 165
106757 30 63 57
106837 54 61 97
106839 30 28 58
106840 30 71 56
106881 81 29 160
107004 76 37 98
107005 81 47 162
107007 78 97 99
107132 45 59 57
107170 62 99 97
107173 86 65 165
107257 42 21 56
107338 78 120 97
107338 42 63 57
107340 47 63 57
107380 95 59 160
107504 54 127 99
107505 47 55 58
107507 76 46 161
107632 54 127 97
107670 61 127 97
107678 88 54 168
107757 42 61 53
107838 54 120 97
107840 37 63 57
107844 38 67 57
107882 81 39 156
108004 61 127 97
108006 38 38 58
108007 62 127 98
108132 86 47 159
108170 61 127 97
108172 95 38 165
108257 37 40 59
108339 61 127 97
108339 37 67 56
108340 38 63 58
108382 95 38 160
108504 54 103 97
108505 30 61 58
108506 61 124 99
108632 95 65 160
108670 76 79 97
108673 97 79 163
108757 30 61 58
108837 73 70 97
108838 93 59 165
108838 30 41 57
108882 30 46 57
109004 66 120 97
109005 30 51 58
109007 93 62 161
109132 69 42 97
109170 47 114 97
109171 37 71 61
109254 86 32 162
109337 62 111 100
109340 88 44 165
109340 37 51 55
109382 37 38 57
109504 62 90 97
109507 37 59 58
109507 88 39 159
109632 47 124 97
109670 47 127 97
109671 30 61 59
109757 85 51 162
109837 62 115 97
109840 90 55 165
109840 30 47 57
109882 30 44 57
110007 62 93 97
110007 37 53 55
110007 90 53 159
110129 54 99 97
110170 61 127 100
110173 37 55 59
110254 78 51 160
110337 61 127 102
110340 81 57 165
110340 37 55 55
110379 37 61 55
110504 54 127 102
110507 57 61 102
110507 38 69 55
110629 76 62 159
110670 62 127 102
110673 38 62 59
110754 86 67 160
110837 61 70 105
110840 85 58 163
110840 38 62 57
110879 38 65 57
111004 45 75 102
111004 86 55 164
111007 54 93 102
111129 38 63 55
111170 64 111 102
111173 37 57 59
111254 85 65 160
111338 57 103 100
111338 37 53 59
111343 81 39 162
111379 37 51 54
111504 61 124 102
111507 78 30 164
111507 30 44 57
111629 45 127 97
111671 45 124 102
111671 30 61 58
111754 76 58 162
111838 64 88 102
111840 81 13 164
111840 33 66 55
111879 33 63 55
112006 61 90 102
112007 54 84 100
112007 33 46 57
112129 81 51 159
112173 57 111 102
112173 38 66 56
112254 78 35 160
112337 69 93 102
112337 38 67 58
112340 38 41 58
112381 85 57 160
112505 45 1 100
112506 88 49 163
112507 54 79 98
112636 33 71 57
112672 69 63 93
112673 88 51 161
112757 33 58 56
112835 57 28 97
112839 33 59 62
112839 38 68 62
112882 76 57 161
113005 71 63 97
113006 38 63 57
113007 81 47 160
113131 54 79 97
113168 57 33 98
113171 78 45 167
113255 38 38 58
113337 71 127 99
113338 33 62 58
113339 81 49 162
113382 33 51 56
113505 71 102 97
113507 78 50 161
113507 33 66 57
113630 69 106 97
113670 64 120 99
113673 81 49 165
113757 38 59 58
113838 49 88 97
113840 45 61 57
113840 45 47 55
113882 85 53 160
114004 52 99 97
114005 42 41 60
114007 76 46 161
114132 61 90 97
114170 62 114 97
114173 86 59 165
114256 42 63 58
114338 59 127 98
114340 42 16 63
114340 45 55 61
114382 78 70 160
114505 45 85 97
114507 92 71 163
114507 45 36 55
114632 59 120 97
114673 62 120 97
114673 42 61 56
114755 90 74 160
114840 47 115 99
114840 30 58 55
114840 33 73 55
114882 80 71 160
115004 47 115 97
115007 42 53 58
115007 81 63 159
115132 59 88 97
115171 62 127 97
115173 93 63 162
115257 40 59 58
115337 42 49 97
115340 95 70 165
115340 45 59 55
115382 45 57 57
115504 42 99 97
115507 45 55 58
115507 83 68 159
115632 40 75 97
115671 40 115 97
115673 76 50 162
115757 42 63 58
115837 42 97 97
115840 76 53 165
115840 42 55 55
115880 42 33 57
116007 42 66 99
116007 47 47 55
116007 76 45 159
116132 78 22 97
116171 49 67 97
116173 76 68 162
116257 49 1 56
116340 52 127 97
116340 49 44 57
116340 49 6 57
116382 88 31 160
116504 76 72 97
116507 49 41 58
116507 88 63 159
116632 76 94 97
116670 78 93 97
116673 45 57 59
116754 76 42 160
116837 50 76 102
116840 78 61 165
116840 52 49 57
116879 52 49 57
117004 42 127 102
117005 45 124 102
117007 42 30 57
117129 86 71 159
117170 42 114 102
117173 49 35 59
117254 81 69 160
117337 49 33 102
117340 85 68 165
117340 45 55 57
117382 35 65 57
117504 61 6 99
117505 54 61 100
117507 35 22 57
117629 76 65 161
117670 76 37 102
117673 33 50 59
117757 81 26 160
117838 78 97 97
117840 81 45 162
117840 33 30 57
117879 35 69 57
118004 62 99 102
118004 81 54 164
118007 78 120 102
118129 35 46 55
118171 54 127 102
118173 35 62 58
118254 78 15 160
118337 54 127 102
118337 33 66 58
118338 33 51 58
118379 78 45 162
118504 61 127 102
118506 78 8 164
118507 54 120 100
118629 33 59 60
118673 61 127 102
118673 33 46 56
118756 90 65 160
118837 62 127 100
118837 33 47 58
118840 35 66 58
118885 78 55 160
119006 61 127 94
119007 61 127 98
119007 37 68 57
119132 78 45 159
119172 54 103 97
119173 37 18 57
119257 95 53 160
119337 61 124 97
119339 37 1 58
119340 30 61 56
119381 76 35 160
119504 76 79 98
119505 88 58 164
119507 73 70 99
119632 30 59 57
119673 66 120 97
119673 30 50 56
119757 86 58 162
119837 69 42 97
119837 30 45 58
119840 42 53 58
119880 81 29 160
120005 47 114 99
120007 81 47 161
120007 30 67 57
120132 62 111 97
120170 62 90 97
120178 86 65 165
120257 30 45 51
120340 47 124 97
120340 30 41 55
120343 95 59 160
120382 33 67 52
120504 47 127 97
120506 33 47 58
120508 62 115 98
120630 76 46 158
120672 62 93 99
120673 30 63 59
120757 88 54 160
120837 54 99 97
120839 30 28 58
120840 30 71 58
120882 81 39 160
121004 61 127 97
121004 45 59 58
121005 86 47 162
121132 61 127 99
121170 54 127 97
121173 95 38 165
121257 42 21 58
121338 57 61 97
121338 42 63 57
121340 47 63 59
121382 95 38 160
121504 62 127 97
121505 47 55 58
121507 95 65 161
121632 61 70 97
121671 45 75 97
121673 97 79 162
121757 42 61 58
121837 54 93 97
121840 93 59 165
121840 37 63 55
121882 38 67 57
122004 64 111 97
122007 38 38 58
122007 93 62 159
122130 57 103 97
122170 61 124 99
122171 37 40 61
122257 86 32 162
122337 45 127 97
122340 88 44 165
122340 37 67 55
122382 38 63 57
122505 45 124 97
122507 30 61 57
122507 88 39 159
122632 64 88 97
122670 61 90 97
122671 30 61 61
122757 85 51 162
122837 54 84 97
122840 90 55 165
122840 30 41 55
122879 30 46 55
123007 57 111 100
123007 30 51 55
123007 90 53 159
123129 69 93 97
123170 45 1 100
123173 37 71 59
123254 78 51 160
123337 54 79 100
123339 81 57 165
123339 37 51 58
123379 37 38 58
123504 69 63 102
123507 57 28 102
123507 37 59 55
123632 76 62 159
123670 71 63 99
123672 30 61 59
123754 86 67 161
123837 54 79 100
123840 85 58 165
123840 30 47 57
123879 30 44 57
124005 57 33 102
124007 37 53 57
124007 86 55 161
124129 71 127 97
124170 71 102 102
124171 37 55 59
124254 85 65 162
124338 69 106 102
124340 81 39 162
124340 37 55 57
124379 37 61 57
124504 64 120 105
124504 78 30 162
124507 49 88 102
124629 38 69 55
124670 52 99 102
124673 38 62 59
124754 76 58 160
124837 61 90 102
124837 38 62 60
124838 38 65 60
124879 81 13 162
125004 62 114 102
125006 81 51 164
125006 38 63 58
125132 59 127 100
125170 45 85 97
125172 37 57 59
125254 78 35 161
125337 59 120 102
125339 37 53 60
125339 37 51 58
125379 85 57 161
125504 62 120 102
125504 88 49 164
125505 47 115 100
125629 30 44 57
125671 47 115 100
125671 30 61 58
125755 88 51 162
125837 59 88 99
125837 33 66 58
125838 33 63 58
125882 76 57 162
126004 62 127 97
126007 81 47 162
126007 33 46 57
126130 42 49 97
126170 42 99 99
126171 78 45 165
126261 38 66 58
126337 40 75 93
126339 38 67 58
126340 38 41 56
126382 81 49 160
126505 40 115 97
126507 78 50 161
126507 33 71 57
126632 42 97 97
126670 42 66 97
126673 81 49 165
126756 33 58 56
126837 78 22 98
126839 33 59 60
126840 38 68 62
126880 85 53 160
127005 49 67 99
127007 76 46 161
127007 38 63 55
127132 52 127 97
127170 76 72 97
127173 86 59 165
127255 38 38 56
127338 76 94 99
127340 33 62 57
127340 33 51 55
127382 78 70 160
127504 78 93 97
127505 33 66 58
127507 92 71 161
127632 50 76 97
127670 42 127 97
127673 90 74 165
127757 38 59 58
127840 45 124 97
127840 45 61 55
127840 45 47 57
127881 80 71 160
128004 42 114 98
128007 42 41 58
128007 81 63 159
128132 49 33 97
128170 61 6 97
128173 93 63 165
128257 42 63 58
128340 54 61 97
128340 42 16 55
128340 45 55 57
128380 95 70 160
128507 76 37 99
128507 45 36 55
128507 83 68 159
128632 78 97 97
128671 62 99 97
128673 76 50 162
128757 42 61 58
128840 78 120 97
128840 30 58 55
128840 33 73 57
128882 76 53 160
129004 54 127 97
129007 42 53 58
129007 76 45 159
129129 54 127 97
129170 61 127 100
129171 40 59 59
129257 76 68 162
129337 54 120 97
129340 88 31 165
129340 45 59 57
129382 45 57 57
129507 61 127 97
129507 45 55 55
129507 88 63 159
129629 62 127 97
129668 61 127 100
129671 42 63 61
129757 76 42 162
129838 61 127 97
129838 42 55 59
129839 42 33 59
129882 78 61 163
130004 54 103 99
130005 61 124 100
130005 47 47 57
130129 86 71 161
130170 76 79 102
130171 49 1 59
130257 81 69 162
130339 73 70 99
130340 85 68 163
130340 49 44 57
130379 49 6 57
130504 66 120 102
130507 69 42 102
130507 49 41 55
130629 76 65 161
130670 47 114 102
130673 45 57 59
130754 81 26 160
130837 62 111 102
130840 81 45 163
130840 52 49 57
130879 52 49 57
131004 62 90 102
131004 81 54 164
131007 47 124 102
131129 42 30 60
131173 47 127 102
131173 49 35 56
131256 78 15 160
131338 62 115 100
131340 78 45 162
131340 45 55 55
131382 35 65 55
131504 62 93 97
131507 54 99 102
131507 35 22 55
131629 78 8 159
131671 61 127 102
131673 33 50 58
131754 90 65 160
131837 61 127 100
131837 33 30 58
131840 35 69 58
131879 78 55 160
132004 54 127 102
132006 78 45 164
132007 57 61 98
132132 35 46 57
132173 62 127 97
132173 35 62 56
132257 95 53 160
132337 61 70 97
132337 33 66 58
132340 33 51 58
132380 76 35 160
132504 45 75 99
132507 88 58 164
132511 33 59 57
132632 54 93 93
132673 64 111 97
132678 86 58 162
132757 33 46 51
132840 57 103 97
132840 33 47 55
132843 81 29 160
132882 35 66 52
133006 61 124 97
133007 45 127 98
133007 37 68 57
133130 81 47 159
133173 45 124 99
133173 37 18 56
133257 86 65 160
133337 64 88 97
133339 37 1 58
133340 30 61 56
133382 95 59 160
133504 61 90 97
133504 30 59 58
133505 76 46 162
133632 54 84 99
133670 57 111 97
133673 88 54 165
133757 30 50 58
133838 69 93 97
133838 30 45 57
133840 42 53 57
133882 81 39 160
134004 45 1 97
134005 30 67 58
134007 86 47 161
134131 54 79 97
134170 69 63 98
134173 95 38 165
134257 30 45 58
134340 57 28 97
134340 30 41 55
134340 33 67 57
134382 95 38 160
134504 71 63 97
134505 33 47 58
134507 95 65 161
134630 54 79 97
134670 57 33 99
134673 97 79 165
134757 30 63 58
134840 71 127 97
134840 30 28 55
134840 30 71 57
134882 93 59 160
135004 71 102 97
135007 45 59 58
135007 93 62 159
135132 69 106 97
135171 64 120 97
135173 86 32 162
135257 42 21 61
135337 49 88 97
135340 88 44 165
135340 42 63 55
135382 47 63 61
135504 52 99 97
135507 47 55 58
135507 88 39 159
135632 61 90 97
135670 62 114 97
135671 42 61 61
135757 85 51 162
135837 59 127 97
135840 90 55 165
135840 37 63 57
135882 38 67 57
136006 45 85 97
136007 38 38 56
136007 90 53 159
136132 59 120 97
136170 62 120 97
136172 37 40 59
136257 78 51 161
136337 47 115 97
136340 81 57 165
136340 37 67 57
136379 38 63 57
136505 47 115 102
136507 30 61 57
136507 76 62 159
136629 59 88 99
136670 62 127 102
136673 30 61 59
136754 86 67 160
136837 42 49 102
136844 85 58 163
136844 30 41 53
136879 30 46 53
137004 42 99 105
137004 86 55 162
137007 40 75 102
137129 30 51 55
137170 40 115 102
137178 37 71 59
137254 85 65 155
137340 42 97 102
137340 37 51 57
137340 37 38 57
137379 81 39 160
137504 42 66 100
137504 78 30 164
137506 78 22 102
137632 37 59 56
137670 49 67 97
137672 30 61 59
137754 76 58 161
137837 52 127 102
137837 30 47 60
137837 30 44 60
137879 81 13 163
138004 76 72 102
138004 81 51 164
138005 76 94 102
138129 37 53 57
138171 78 93 102
138171 37 55 58
138254 78 35 162
138337 50 76 102
138337 37 55 58
138338 37 61 58
138379 85 57 162
138504 42 127 102
138506 88 49 164
138507 45 124 100
138627 38 69 57
138673 42 114 102
138673 38 62 56
138758 88 51 160
138837 49 33 96
138839 38 62 58
138840 38 65 56
138881 76 57 160
139004 61 6 98
139007 81 47 164
139007 38 63 57
139132 54 61 97
139173 76 37 97
139173 37 57 56
139256 78 45 162
139337 78 97 98
139339 37 53 58
139340 37 51 56
139380 81 49 160
139505 62 99 99
139507 78 50 161
139507 30 44 55
139632 78 120 97
139670 54 127 97
139673 81 49 165
139755 30 61 56
139838 54 127 99
139840 33 66 57
139840 33 63 55
139882 85 53 160
140005 61 127 97
140007 76 46 161
140007 33 46 57
140132 54 120 97
140170 61 127 97
140173 86 59 165
140257 38 66 58
140338 62 127 97
140340 38 67 57
140340 38 41 55
140381 78 70 160
140504 61 127 98
140505 33 71 58
140507 92 71 161
140632 61 127 97
140670 54 103 97
140671 90 74 165
140757 33 58 60
140838 61 124 97
140838 33 59 57
140840 38 68 59
140880 80 71 160
141005 76 79 99
141007 81 63 161
141007 38 63 55
141132 73 70 97
141170 66 120 97
141173 93 63 165
141257 38 38 58
141340 69 42 97
141340 33 62 55
141340 33 51 57
141382 95 70 160
141505 47 114 97
141507 33 66 57
141507 83 68 159
141632 62 111 97
141671 62 90 97
141672 76 50 162
141757 38 59 59
141837 47 124 97
141840 76 53 165
141840 45 61 55
141882 45 47 57
142004 47 127 97
142005 42 41 58
142006 62 115 99
142132 76 45 160
142168 62 93 97
142170 42 63 61
142257 76 68 163
142335 54 99 97
142338 88 31 167
142338 42 16 57
142382 45 55 57
142505 61 127 97
142505 45 36 57
142507 88 63 161
142632 61 127 97
142670 54 127 97
142671 42 61 59
142757 76 42 162
142837 57 61 97
142840 78 61 165
142840 30 58 57
142879 33 73 57
143007 62 127 102
143007 42 53 55
143007 86 71 159
143129 61 70 99
143170 45 75 102
143173 40 59 59
143254 81 69 160
143337 54 93 102
143340 85 68 165
143340 45 59 57
143379 45 57 57
143507 64 111 102
143507 45 55 55
143507 76 65 159
143629 57 103 99
143670 61 124 100
143673 42 63 59
143754 81 26 160
143837 45 127 102
143840 81 45 165
143840 42 55 55
143882 42 33 55
144004 45 124 97
144007 64 88 102
144007 47 47 55
144129 81 54 159
144170 61 90 102
144173 49 1 59
144254 78 15 160
144337 54 84 105
144337 49 44 60
144338 49 6 60
144379 78 45 162
144504 57 111 102
144504 78 8 164
144507 69 93 102
144629 49 41 57
144671 45 1 102
144673 45 57 58
144754 90 65 160
144837 54 79 102
144837 52 49 58
144838 52 49 58
144881 78 55 162
145004 69 63 100
145007 78 45 164
145010 42 30 57
145129 57 28 94
145173 71 63 102
145178 95 53 160
145254 49 35 51
145340 54 79 100
145340 45 55 55
145343 76 35 160
145380 35 65 52
145506 57 33 101
145507 71 127 98
145507 35 22 57
145630 88 58 159
145673 71 102 99
145673 33 50 56
145757 86 58 160
145837 69 106 97
145839 33 30 58
145840 35 69 56
145882 81 29 160
146004 64 120 97
146005 81 47 162
146007 49 88 99
146132 35 46 57
146170 52 99 97
146173 86 65 165
146257 35 62 56
146337 61 90 97
146337 33 66 58
146340 33 51 58
146382 95 59 160
146502 62 114 97
146507 76 46 164
146507 33 59 57
146631 59 127 97
146668 45 85 98
146673 88 54 167
146755 33 46 58
146838 59 120 99
146840 33 47 57
146840 35 66 55
146882 81 39 118
147004 62 120 97
147007 37 68 58
147130 47 115 97
147173 47 115 99
147257 37 18 58
147340 59 88 97
147340 37 1 55
147382 30 61 57
147504 62 127 97
147507 30 59 58
147632 42 49 97
147673 42 99 97
147757 30 50 58
147840 40 75 97
147840 30 45 55
147882 42 53 61
148004 40 115 97
148007 30 67 39
148132 42 97 97
148255 42 66 97
148382 78 22 99
148507 49 67 97
148632 52 127 97
148757 76 72 97
148882 76 94 97
149007 78 93 97
149132 50 76 97
149257 42 127 97
149382 45 124 97
149504 42 114 97
149629 49 33 100
149757 61 6 102
149879 54 61 99
150004 76 37 100
150132 78 97 102
150254 62 99 97
150379 78 120 102
150504 54 127 102
150629 54 127 105
150754 61 127 102
150879 54 120 102
151004 61 127 102
151131 62 127 102
151257 61 127 100
151379 61 127 97
151504 54 103 102
151629 61 124 102
151628 76 79 100
