5 82 63 94
173 63 82 161
338 53 76 160
504 58 63 162
670 48 76 162
840 63 75 165
1005 53 62 160
1170 58 63 161
1340 48 71 165
1508 63 82 165
1673 53 51 158
1840 58 51 160
2005 58 73 160
2170 53 63 161
2340 63 82 165
2502 48 45 162
2671 56 65 164
2837 68 71 162
3007 56 57 165
3171 68 79 159
3337 48 73 162
3507 67 68 165
3671 48 71 159
3837 67 79 162
4007 36 58 165
4171 60 53 159
4337 39 43 162
4507 63 75 163
4673 67 62 159
4837 65 63 160
5004 43 59 163
5173 41 62 164
5338 39 41 160
5504 63 75 162
5673 36 58 164
5841 60 59 160
6007 34 63 159
6173 34 63 159
6337 58 63 160
6504 65 63 163
6673 65 35 164
6838 67 65 160
7004 36 34 162
7170 39 43 162
7340 39 58 165
7505 68 73 160
7670 68 67 161
7840 67 62 165
8005 44 65 160
8170 67 47 161
8340 43 55 165
8505 41 61 160
8670 65 65 161
8840 39 68 165
9004 36 57 160
9170 63 79 162
9337 67 68 163
9505 34 63 165
9671 68 63 161
9837 39 55 162
10007 65 74 163
10171 36 68 159
10337 63 78 162
10506 41 68 165
10670 43 77 160
10840 62 70 165
11005 74 61 162
11171 62 71 161
11338 74 61 162
11507 86 77 164
11673 84 75 161
11838 50 75 160
12004 48 98 162
12173 56 59 164
12338 80 75 160
12504 56 61 162
12673 79 69 164
12838 55 66 160
13004 53 63 162
13173 77 63 164
13338 44 74 160
13504 32 38 162
13673 31 40 164
13840 92 41 162
14007 91 71 162
14173 92 73 159
14340 89 71 160
14504 98 89 160
14670 96 78 162
14840 98 93 165
15005 96 89 160
15168 98 86 161
15338 96 93 167
15505 99 75 162
15671 96 77 161
15837 99 75 162
16007 96 91 165
16171 94 63 159
16337 96 77 162
16507 94 59 165
16671 96 93 159
16840 34 71 164
17007 36 59 160
17171 34 79 159
17337 36 82 162
17507 36 86 165
17673 39 77 159
17837 36 79 160
18007 34 84 165
18173 48 63 161
18341 53 57 160
18507 63 66 159
18673 58 68 159
18837 48 70 160
19004 53 66 163
19173 63 66 164
19338 58 70 160
19504 48 68 162
19673 63 82 164
19838 53 76 160
20004 58 63 162
20173 48 76 164
20340 63 75 162
20505 53 62 160
20670 58 63 161
20840 48 71 165
21005 63 82 160
21170 53 51 161
21340 58 51 165
21504 58 73 160
21670 53 63 162
21840 63 82 165
22005 48 45 160
22171 56 65 161
22337 68 71 162
22511 56 57 163
22671 68 79 155
22837 48 73 162
23006 67 68 165
23170 48 71 160
23335 67 79 163
23505 36 58 167
23671 60 53 161
23837 39 43 162
24007 63 75 165
24173 67 62 159
24337 65 63 160
24507 43 59 165
24673 41 62 161
24837 39 41 160
25004 63 75 163
25173 36 58 164
25338 60 59 160
25504 34 63 162
25673 34 63 164
25838 58 63 160
26004 65 63 162
26171 65 35 164
26338 67 65 162
26504 36 34 162
26673 39 43 164
26840 39 58 160
27005 68 73 160
27170 68 67 161
27339 67 62 165
27506 44 65 161
27668 67 47 160
27838 43 55 167
28005 41 61 162
28170 65 65 161
28340 39 68 165
28505 36 57 160
28670 63 79 161
28840 67 68 165
29007 34 63 160
29171 68 63 159
29340 39 55 164
29507 65 74 160
29671 36 68 159
29837 63 78 162
30007 41 68 165
30171 43 77 159
30337 62 70 162
30507 74 61 165
30673 62 71 159
30840 74 61 160
31007 86 77 160
31173 84 75 159
31337 50 75 160
31507 48 98 165
31673 56 59 161
31835 80 75 160
32004 56 61 165
32173 79 69 164
32338 55 66 160
32504 53 63 162
32673 77 63 164
32838 44 74 160
33004 32 38 162
33173 31 40 164
33338 92 41 160
33507 91 71 164
33670 92 73 159
33840 89 71 165
34004 98 89 160
34170 96 78 162
34340 98 93 165
34505 96 89 160
34670 98 86 161
34840 96 93 165
35008 99 75 160
35173 96 77 158
35340 99 75 160
35506 96 91 160
35670 94 63 160
35835 96 77 163
36005 94 59 167
36171 96 93 161
36337 34 71 162
36507 36 59 165
36671 34 79 159
36837 36 82 162
37007 36 86 165
37173 39 77 159
37337 36 79 160
37507 34 84 165
37673 48 63 159
37838 53 57 160
38004 63 66 162
38173 58 68 164
38337 48 70 160
38504 53 66 163
38673 63 66 164
38838 58 70 160
39004 48 68 162
39173 63 82 164
39338 53 76 160
39504 58 63 162
39672 48 76 164
39839 63 75 161
40004 53 62 161
40170 58 63 162
40338 48 71 165
40505 63 82 162
40670 53 51 161
40840 58 51 165
41005 58 73 160
41170 53 63 161
41340 63 82 165
41505 48 45 160
41670 56 65 161
41837 68 71 163
42007 56 57 163
42170 68 79 159
42340 48 73 165
42507 67 68 162
42671 48 71 159
42837 67 79 162
43005 36 58 165
43171 60 53 161
43340 39 43 164
43507 63 75 160
43671 67 62 159
43837 65 63 162
44006 43 59 165
44173 41 62 160
44338 39 41 160
44502 63 75 162
44671 36 58 166
44838 60 59 162
45004 34 63 162
45173 34 63 164
45338 58 63 160
45507 65 63 164
45673 65 35 161
45838 67 65 160
46004 36 34 162
46173 39 43 162
46338 39 58 160
46504 68 73 162
46670 68 67 162
46840 67 62 165
47005 44 65 160
47170 67 47 161
47340 43 55 165
47508 41 61 165
47673 65 65 158
47840 39 68 160
48006 36 57 160
48170 63 79 160
48340 67 68 165
48505 34 63 160
48670 68 63 161
48837 39 55 163
49007 65 74 165
49171 36 68 159
49337 63 78 162
49507 41 68 165
49671 43 77 159
49837 62 70 162
50007 74 61 165
50171 62 71 159
50337 74 61 162
50507 86 77 165
50673 84 75 159
50837 50 75 160
51007 48 98 165
51173 56 59 161
51338 80 75 160
51504 56 61 162
51673 79 69 164
51841 55 66 160
52007 53 63 159
52173 77 63 159
52337 44 74 160
52504 32 38 163
52673 31 40 164
52838 92 41 160
53004 91 71 162
53173 92 73 164
53340 89 71 162
53505 98 89 160
53670 96 78 161
53840 98 93 165
54005 96 89 160
54170 98 86 161
54340 96 93 165
54505 99 75 160
54670 96 77 161
54840 99 75 165
55007 96 91 160
55170 94 63 159
55340 96 77 165
55505 94 59 162
55671 96 93 161
55840 34 71 164
56007 36 59 160
56171 34 79 159
56338 36 82 162
56506 36 86 164
56670 39 77 160
56837 36 79 163
57005 34 84 165
57171 48 63 161
57337 53 57 162
57507 63 66 165
57673 58 68 161
57838 48 70 160
58004 53 66 162
58173 63 66 164
58338 58 70 160
58504 48 68 162
58673 63 82 162
58838 53 76 160
59004 58 63 162
59173 48 76 164
59338 63 75 160
59504 53 62 162
59673 58 63 164
59840 48 71 160
60008 63 82 162
60173 53 51 158
60340 58 51 160
60505 58 73 160
60670 53 63 161
60840 63 82 165
61007 48 45 160
61168 56 65 159
61338 68 71 167
61505 56 57 162
61670 68 79 161
61840 48 73 165
62007 67 68 162
62171 48 71 159
62337 67 79 162
62507 36 58 165
62671 60 53 159
62840 39 43 162
63007 63 75 160
63171 67 62 159
63337 65 63 162
63507 43 59 165
63673 41 62 159
63837 39 41 160
64007 63 75 165
64173 36 58 161
64341 60 59 160
64507 34 63 159
64673 34 63 159
64837 58 63 160
65004 65 63 163
65171 65 35 164
65338 67 65 162
65504 36 34 162
65673 39 43 164
65838 39 58 160
66005 68 73 162
66170 68 67 161
66340 67 62 163
66505 44 65 160
66670 67 47 161
66840 43 55 165
67005 41 61 160
67170 65 65 161
67340 39 68 165
67504 36 57 160
67670 63 79 162
67840 67 68 165
68005 34 63 160
68170 68 63 161
68337 39 55 163
68511 65 74 163
68670 36 68 155
68837 63 78 163
69006 41 68 165
69170 43 77 160
69337 62 70 163
69505 74 61 165
69671 62 71 161
69837 74 61 162
70007 86 77 165
70171 84 75 159
70337 50 75 162
70507 48 98 165
70671 56 59 159
70838 80 75 162
71004 56 61 162
71173 79 69 162
71338 55 66 160
71504 53 63 162
71673 77 63 164
71838 44 74 160
72004 32 38 162
72171 31 40 164
72338 92 41 162
72504 91 71 162
72673 92 73 162
72840 89 71 160
73005 98 89 160
73170 96 78 161
73339 98 93 165
73505 96 89 161
73668 98 86 161
73838 96 93 167
74005 99 75 162
74170 96 77 161
74340 99 75 165
74505 96 91 160
74670 94 63 161
74840 96 77 165
75007 94 59 160
75171 96 93 159
75340 34 71 164
75507 36 59 160
75671 34 79 159
75837 36 82 162
76007 36 86 165
76171 39 77 159
76337 36 79 162
76507 34 84 165
76671 48 63 159
76840 53 57 162
77007 63 66 160
77171 58 68 159
77337 48 70 162
77504 53 66 163
77673 63 66 164
77838 58 70 160
78004 48 68 162
78173 63 82 164
78338 53 76 160
78504 58 63 162
78673 48 76 164
78838 63 75 160
79004 53 62 162
79173 58 63 164
79340 48 71 160
79504 63 82 160
79670 53 51 162
79840 58 51 165
80004 58 73 160
80170 53 63 162
80340 63 82 165
80505 48 45 160
80670 56 65 161
80840 68 71 165
81008 56 57 160
81173 68 79 158
81340 48 73 160
81506 67 68 160
81672 48 71 160
81835 67 79 161
84004 36 58 125
84007 63 82 164
84172 92 91 89
84178 53 76 161
84337 91 79 84
84340 58 63 163
84504 77 69 89
84507 48 76 164
84671 82 84 84
84672 63 75 162
84838 92 89 90
84839 53 62 162
85004 91 76 93
85004 58 63 162
85171 74 70 94
85173 87 67 92
85338 48 71 160
85338 63 82 162
85504 89 63 96
85504 53 51 164
85672 72 74 94
85673 58 51 161
85839 82 66 85
85840 58 73 161
86004 82 63 94
86004 53 63 162
86168 72 82 97
86173 63 82 167
86338 74 74 94
86340 48 45 162
86504 87 73 89
86505 89 63 91
86670 56 65 161
86673 68 71 165
86840 74 73 85
86840 56 57 160
87005 82 68 97
87007 68 79 161
87170 87 75 88
87170 48 73 165
87339 89 66 95
87340 72 71 86
87505 67 68 160
87507 48 71 161
87670 82 66 88
87670 67 79 165
87840 72 78 90
87840 36 58 160
88005 89 69 97
88007 87 77 96
88170 60 53 159
88170 39 43 165
88340 74 76 97
88340 63 75 162
88507 94 79 85
88507 67 62 159
88670 77 70 88
88671 77 65 92
88837 65 63 162
88839 43 59 165
89006 94 70 93
89007 79 68 88
89171 41 62 159
89172 39 41 164
89339 92 71 93
89340 79 68 86
89505 63 75 160
89507 92 78 86
89671 36 58 159
89671 60 59 162
89837 80 79 91
89838 91 70 95
90007 34 63 164
90007 34 63 159
90171 80 89 89
90173 58 63 162
90335 91 77 94
90337 65 63 167
90505 82 67 99
90507 65 35 163
90671 89 74 94
90673 67 65 162
90837 89 76 87
90838 82 77 95
91004 36 34 162
91007 39 43 164
91173 72 58 89
91173 39 58 160
91338 75 61 90
91338 68 73 162
91504 82 63 96
91504 68 67 164
91673 86 51 94
91673 67 62 160
91838 79 74 90
91840 44 65 164
92004 77 69 94
92007 94 75 94
92173 67 47 159
92173 43 55 160
92340 92 70 90
92340 41 61 160
92504 75 67 94
92507 65 65 164
92673 82 71 86
92673 39 68 162
92840 86 67 85
92840 36 57 160
93004 72 57 94
93005 77 30 97
93170 63 79 161
93173 67 68 165
93340 82 93 90
93340 34 63 160
93507 92 91 90
93508 91 79 87
93668 68 63 158
93673 77 69 90
93838 39 55 160
93840 82 84 92
94004 65 74 160
94005 36 68 162
94170 92 89 96
94170 63 78 165
94340 91 76 95
94340 41 68 160
94505 74 70 90
94507 43 77 161
94670 87 67 94
94670 62 70 163
94837 89 63 97
94840 74 61 165
95007 72 74 90
95007 62 71 159
95171 82 66 91
95173 74 61 162
95337 82 63 92
95340 86 77 165
95507 72 82 90
95507 84 75 159
95671 74 74 88
95673 50 75 162
95837 87 73 89
95837 48 98 165
96007 89 63 95
96007 56 59 159
96171 74 73 89
96173 80 75 162
96337 82 68 94
96337 56 61 165
96507 87 75 95
96511 79 69 159
96671 89 66 78
96678 55 66 162
96837 72 71 84
96840 53 63 165
97007 82 66 92
97007 77 63 159
97171 72 78 89
97172 44 74 162
97337 89 69 95
97338 87 77 95
97504 32 38 162
97507 31 40 167
97673 74 76 84
97678 94 79 89
97837 92 41 155
97841 77 70 97
98004 91 71 159
98004 92 73 164
98172 77 65 94
98173 89 71 161
98337 94 70 90
98340 98 89 163
98504 79 68 94
98504 96 78 164
98671 92 71 89
98673 98 93 162
98838 79 68 94
98840 96 89 162
99004 92 78 94
99004 98 86 164
99173 80 79 97
99173 96 93 160
99340 91 70 89
99340 99 75 160
99504 80 89 94
99505 91 77 91
99670 96 77 161
99673 99 75 165
99840 82 67 90
99840 96 91 160
100005 89 74 90
100006 94 63 161
100170 89 76 92
100170 96 77 165
100340 82 77 95
100340 94 59 160
100505 72 58 90
100505 96 93 161
100670 75 61 96
100670 34 71 165
100840 82 63 95
100844 36 59 160
101005 86 51 86
101007 34 79 161
101170 79 74 94
101170 36 82 165
101339 77 69 97
101340 94 75 93
101505 36 86 160
101506 39 77 161
101670 92 70 92
101671 75 67 95
101840 36 79 164
101840 34 84 160
102005 82 71 90
102007 86 67 90
102170 48 63 159
102171 72 57 97
102337 53 57 162
102337 63 66 165
102506 77 30 95
102507 58 68 160
102670 82 93 89
102673 48 70 163
102837 92 91 94
102837 53 66 165
103005 91 79 99
103007 63 66 161
103171 77 69 94
103173 58 70 162
103337 82 84 94
103337 48 68 165
103507 92 89 93
103507 63 82 159
103673 91 76 89
103673 53 76 160
103837 74 70 94
103838 87 67 97
104004 58 63 162
104007 48 76 164
104173 89 63 89
104173 63 75 160
104337 72 74 94
104338 82 66 97
104504 53 62 162
104504 58 63 162
104671 82 63 94
104673 72 82 92
104838 48 71 160
104840 63 82 162
105004 74 74 94
105007 53 51 164
105173 87 73 91
105173 58 51 160
105338 89 63 90
105340 58 73 162
105504 74 73 94
105504 53 63 164
105672 82 68 97
105673 87 75 89
105839 63 82 162
105840 89 66 93
106006 48 45 165
106007 72 71 92
106171 56 65 159
106173 82 66 92
106338 68 71 160
106340 72 78 96
106504 56 57 160
106505 89 69 97
106670 68 79 161
106670 48 73 165
106840 87 77 95
106840 67 68 160
107005 74 76 85
107007 48 71 161
107168 94 79 96
107170 67 79 167
107340 77 70 99
107340 36 58 160
107505 77 65 90
107507 60 53 161
107670 94 70 94
107670 39 43 165
107840 79 68 95
107840 63 75 160
108007 92 71 90
108007 67 62 159
108170 79 68 94
108171 92 78 97
108337 65 63 162
108340 43 59 165
108507 80 79 90
108507 41 62 159
108670 91 70 94
108671 80 89 97
108837 39 41 162
108840 91 77 95
109007 63 75 162
109007 36 58 159
109171 82 67 89
109178 60 59 162
109337 89 74 89
109340 34 63 165
109507 89 76 92
109507 34 63 159
109673 82 77 89
109673 58 63 160
109837 84 75 94
109837 65 63 165
110007 87 73 95
110007 65 35 164
110173 92 58 89
110178 94 58 94
110337 67 65 155
110341 87 63 97
110507 36 34 159
110507 39 43 159
110673 91 69 89
110673 39 58 160
110837 89 69 94
110840 68 73 163
111002 87 73 94
111004 68 67 166
111171 84 70 94
111173 67 62 162
111338 82 57 94
111340 44 65 162
111504 82 73 94
111504 67 47 164
111673 84 77 94
111673 43 55 160
111838 72 58 89
111844 41 61 162
112004 75 61 88
112006 65 65 164
112173 82 63 90
112173 39 68 160
112340 86 51 90
112340 36 57 160
112504 79 74 94
112504 63 79 162
112670 77 69 94
112673 67 68 165
112840 94 75 90
112840 34 63 160
113004 92 70 94
113005 75 67 97
113170 68 63 161
113170 39 55 165
113340 82 71 95
113344 65 74 160
113504 86 67 86
113511 36 68 162
113670 72 57 90
113673 63 78 165
113840 77 30 92
113840 41 68 160
114005 82 93 90
114006 43 77 161
114170 92 91 92
114170 62 70 163
114337 91 79 95
114340 74 61 163
114505 77 69 90
114507 82 84 96
114670 62 71 159
114670 74 61 163
114837 92 89 97
114840 86 77 165
115006 91 76 90
115007 84 75 160
115170 74 70 94
115170 50 75 163
115335 87 67 97
115340 48 98 167
115505 89 63 96
115507 56 59 161
115671 72 74 94
115673 80 75 162
115837 82 66 94
115837 56 61 165
116007 82 63 95
116007 79 69 159
116171 72 82 89
116173 55 66 162
116337 74 74 94
116337 53 63 165
116507 87 73 95
116507 77 63 159
116672 89 63 89
116673 74 73 93
116837 44 74 160
116838 82 68 95
117004 32 38 162
117007 31 40 162
117171 87 75 89
117173 89 66 92
117338 92 41 160
117338 91 71 162
117504 72 71 94
117507 92 73 164
117673 82 66 91
117673 89 71 160
117838 72 78 90
117840 98 89 162
118004 89 69 94
118004 96 78 164
118171 87 77 94
118172 98 93 162
118338 74 76 93
118339 96 89 164
118504 94 79 93
118507 77 70 94
118671 98 86 159
118673 77 65 92
118838 96 93 160
118838 99 75 162
119004 94 70 96
119005 79 68 97
119170 96 77 161
119173 99 75 165
119340 92 71 90
119340 96 91 160
119504 79 68 94
119506 94 63 162
119668 92 78 97
119673 96 77 167
119838 80 79 94
119840 94 59 162
120005 91 70 94
120007 96 93 161
120170 80 89 91
120170 34 71 165
120340 91 77 93
120340 36 59 160
120505 82 67 90
120507 34 79 161
120670 89 74 94
120670 36 82 165
120840 89 76 95
120840 36 86 160
121007 82 77 90
121007 39 77 159
121170 84 75 94
121170 36 79 163
121340 87 73 95
121340 34 84 160
121507 92 58 90
121507 48 63 159
121671 94 58 94
121673 53 57 162
121837 87 63 94
121840 63 66 165
122007 91 69 90
122007 58 68 159
122171 89 69 89
122171 48 70 162
122337 87 73 96
122337 53 66 165
122507 84 70 92
122507 63 66 164
122673 82 57 87
122675 82 73 94
122835 58 70 158
122840 84 77 95
123005 48 68 160
123007 82 67 91
123171 63 82 159
123173 84 77 96
123337 53 76 160
123337 58 63 165
123507 89 70 90
123507 48 76 161
123673 92 66 89
123673 63 75 160
123837 87 63 96
123838 91 68 92
124004 53 62 162
124004 58 63 164
124173 89 69 94
124173 48 71 160
124338 82 63 90
124340 63 82 162
124504 84 62 88
124507 53 51 164
124673 87 68 89
124673 58 51 160
124838 77 47 90
124840 58 73 162
125004 89 59 89
125004 53 63 164
125173 77 50 94
125173 63 82 160
125338 84 79 90
125340 48 45 162
125504 72 62 89
125504 56 65 164
125673 72 66 97
125673 68 71 162
125840 70 47 90
125844 56 57 160
126004 70 61 83
126010 68 79 162
126170 70 71 91
126173 48 73 165
126340 72 77 90
126340 67 68 160
126505 72 79 85
126506 48 71 161
126670 72 58 92
126670 67 79 165
126840 75 61 95
126840 36 58 160
127005 82 63 85
127008 86 51 96
127170 60 53 158
127173 79 74 95
127340 39 43 160
127340 63 75 160
127506 77 69 85
127507 67 62 160
127670 94 75 94
127670 65 63 165
127840 92 70 97
127840 43 59 162
128005 75 67 85
128007 41 62 161
128170 82 71 94
128171 86 67 92
128337 39 41 162
128340 63 75 165
128507 72 57 87
128507 36 58 159
128671 77 30 91
128673 60 59 162
128837 82 93 88
128837 34 63 165
129007 92 91 90
129007 34 63 159
129171 91 79 89
129172 58 63 162
129337 77 69 93
129337 65 63 165
129507 82 84 90
129507 65 35 159
129673 92 89 89
129673 67 65 160
129837 91 76 89
129837 36 34 165
130007 74 70 90
130007 39 43 161
130172 87 67 89
130178 39 58 161
130338 89 63 84
130343 68 73 162
130504 72 74 86
130507 68 67 164
130671 82 66 89
130672 67 62 162
130838 82 63 90
130839 44 65 162
131004 72 82 90
131004 67 47 162
131171 74 74 94
131173 87 73 87
131338 43 55 160
131338 41 61 162
131504 89 63 91
131504 65 65 164
131672 74 73 94
131673 39 68 161
131837 82 68 85
131840 36 57 163
132004 87 75 89
132004 63 79 164
132171 89 66 97
132173 67 68 164
132338 72 71 89
132340 34 63 162
132504 82 66 89
132505 72 78 94
132670 68 63 161
132673 39 55 165
132840 89 69 85
132840 65 74 160
133005 87 77 85
133007 36 68 161
133170 74 76 94
133170 63 78 165
133340 94 79 90
133340 41 68 160
133505 77 70 85
133507 43 77 161
133670 77 65 94
133670 62 70 165
133840 94 70 90
133840 74 61 160
134005 79 68 85
134007 92 71 88
134170 62 71 159
134170 74 61 165
134340 79 68 90
134340 86 77 160
134507 92 78 85
134507 84 75 159
134670 80 79 84
134671 91 70 92
134837 50 75 162
134837 48 98 165
135006 80 89 90
135007 91 77 85
135171 56 59 159
135172 80 75 162
135339 82 67 90
135340 89 74 86
135505 56 61 160
135507 89 76 86
135671 79 69 159
135671 55 66 162
135837 82 77 96
135837 53 63 165
136007 84 75 90
136007 77 63 159
136173 87 73 84
136173 44 74 160
136335 92 58 94
136337 32 38 167
136505 94 58 94
136507 31 40 163
136671 87 63 88
136673 92 41 162
136837 91 69 94
136838 89 69 88
137004 91 71 162
137007 92 73 164
137173 87 73 84
137173 89 71 160
137338 84 70 94
137340 98 89 162
137504 82 57 87
137504 96 78 164
137673 82 73 89
137673 98 93 160
137838 84 77 90
137840 96 89 164
138004 82 67 89
138007 84 77 89
138173 98 86 159
138173 96 93 160
138338 89 70 90
138340 99 75 162
138504 92 66 87
138507 96 77 164
138673 87 63 86
138673 99 75 160
138840 91 68 90
138840 96 91 160
139004 89 69 89
139005 82 63 89
139170 94 63 161
139173 96 77 165
139340 84 62 90
139340 94 59 160
139502 87 68 89
139508 77 47 92
139668 96 93 158
139673 89 59 95
139840 34 71 160
139840 36 59 160
140004 77 50 85
140007 34 79 162
140170 84 79 88
140170 36 82 165
140340 72 62 95
140340 36 86 160
140505 72 66 85
140507 39 77 161
140670 70 47 88
140670 36 79 165
140840 70 61 97
140840 34 84 160
141007 70 71 85
141007 48 63 159
141171 72 77 87
141173 53 57 162
141337 72 79 92
141340 63 66 165
141507 72 58 85
141507 58 68 159
141671 75 61 88
141672 48 70 162
141837 82 63 95
141837 53 66 165
142007 86 51 90
142007 63 66 159
142171 79 74 89
142173 58 70 162
142337 77 69 89
142337 48 68 165
142507 94 75 86
142507 63 82 159
142672 92 70 89
142675 53 76 161
142837 75 67 87
142840 58 63 165
143007 82 71 87
143007 48 76 159
143171 86 67 84
143172 63 75 162
143337 72 57 95
143337 53 62 163
143504 77 30 90
143507 58 63 162
143671 82 93 84
143678 92 91 96
143837 48 71 155
143838 91 79 92
144004 63 82 162
144004 53 51 164
144172 77 69 89
144173 58 51 161
144337 82 84 90
144340 58 73 163
144504 92 89 89
144504 53 63 164
144673 91 76 89
144673 63 82 160
144838 74 70 94
144840 48 45 162
145004 87 67 89
145004 56 65 164
145173 89 63 89
145173 68 71 162
145340 72 74 90
145340 56 57 160
145504 82 66 89
145505 82 63 91
145670 68 79 161
145673 48 73 165
145839 72 82 90
145840 74 74 90
146005 67 68 160
146006 48 71 161
146170 87 73 89
146170 67 79 165
146340 89 63 95
146340 36 58 160
146504 74 73 85
146505 82 68 89
146670 60 53 161
146670 39 43 165
146840 87 75 95
146840 63 75 160
147005 89 66 90
147007 67 62 161
147170 72 71 88
147170 65 63 165
147338 82 66 97
147339 43 59 162
147505 72 78 93
147506 41 62 161
147670 89 69 89
147670 39 41 165
147838 87 77 95
147840 74 76 92
148005 63 75 160
148007 94 79 90
148170 36 58 159
148171 77 70 97
148337 60 59 162
148337 34 63 165
148506 77 65 95
148507 34 63 160
148671 94 70 84
148673 58 63 162
148837 79 68 94
148837 65 63 165
149005 92 71 99
149007 65 35 161
149171 79 68 88
149173 67 65 162
149337 92 78 94
149337 36 34 165
149507 80 79 88
149507 39 43 161
149673 91 70 84
149673 39 58 160
149837 80 89 94
149838 91 77 97
150004 68 73 162
150007 68 67 164
150173 82 67 84
150173 67 62 160
150337 89 74 94
150338 89 76 97
150504 44 65 164
150507 82 77 94
150673 67 47 159
150673 43 55 160
150838 84 75 90
150839 41 61 162
151004 87 73 95
151007 65 65 164
151173 92 58 91
151173 39 68 160
151338 94 58 90
151340 36 57 162
151504 87 63 94
151504 63 79 164
151672 91 69 94
151673 89 69 89
151838 67 68 160
151840 34 63 164
152006 87 73 92
152008 84 70 90
152171 68 63 158
152173 82 57 92
152338 39 55 160
152340 82 73 96
152504 65 74 160
152504 36 68 162
152670 84 77 97
152670 63 78 165
152840 82 67 95
152840 41 68 160
153007 84 77 90
153007 43 77 159
153170 89 70 96
153170 62 70 165
153340 92 66 99
153340 74 61 160
153505 87 63 90
153507 62 71 161
153670 91 68 91
153673 74 61 165
153840 89 69 90
153840 86 77 160
154007 82 63 90
154007 84 75 159
154170 84 62 94
154170 50 75 163
154337 87 68 97
154340 48 98 165
154507 77 47 90
154507 56 59 161
154670 89 59 94
154675 77 50 97
154837 80 75 158
154840 56 61 165
155007 84 79 90
155007 79 69 159
155171 72 62 89
155178 55 66 162
155337 72 66 89
155340 53 63 165
155507 70 47 92
155507 77 63 159
155671 70 61 89
155673 44 74 162
155837 70 71 94
155837 32 38 165
156007 72 77 95
156007 31 40 164
156173 72 79 89
156175 72 58 94
156337 92 41 158
156341 75 61 97
156507 91 71 159
156507 92 73 159
156673 82 63 89
156673 89 71 160
156837 86 51 94
156837 98 89 163
157002 79 74 97
157007 96 78 166
157171 77 69 91
157173 98 93 162
157338 94 75 94
157338 96 89 162
157504 92 70 96
157504 98 86 164
157673 75 67 94
157673 96 93 160
157838 82 71 90
157844 99 75 162
158004 86 67 88
158004 96 77 164
158173 72 57 92
158173 99 75 160
158338 77 30 90
158340 96 91 162
158504 82 93 94
158504 94 63 162
158670 92 91 94
158673 96 77 165
158840 91 79 90
158840 94 59 160
159004 77 69 94
159005 82 84 97
159170 96 93 161
159170 34 71 165
159340 92 89 95
159344 36 59 160
159504 91 76 86
159511 34 79 162
159670 74 70 90
159673 36 82 165
159839 87 67 92
159840 89 63 95
160005 36 86 160
160006 39 77 161
160170 72 74 92
160170 36 79 165
160340 82 66 95
160340 34 84 160
160505 82 63 90
160507 72 82 96
160670 48 63 159
160670 53 57 165
160840 74 74 97
160840 63 66 162
161006 87 73 92
161007 58 68 160
161170 89 63 94
161170 48 70 163
161335 74 73 97
161340 53 66 167
161505 82 68 94
161507 63 66 161
161671 87 75 94
161672 58 70 162
161837 89 66 95
161837 48 68 165
162007 72 71 93
162007 63 82 159
162171 82 66 89
162173 53 76 162
162337 72 78 94
162337 58 63 165
162507 89 69 95
162507 48 76 159
162671 87 77 89
162672 63 75 162
162837 74 76 93
162838 94 79 95
163007 53 62 164
163007 58 63 159
163171 77 70 89
163173 77 65 96
163337 48 71 160
163338 94 70 97
163504 63 82 162
163507 53 51 164
163673 79 68 89
163673 58 51 160
163838 92 71 90
163838 58 73 162
164004 79 68 96
164004 53 63 164
164172 92 78 99
164173 80 79 89
164338 63 82 160
164339 48 45 164
164504 91 70 93
164507 80 89 94
164671 56 65 159
164673 91 77 92
164838 68 71 160
164838 56 57 162
165004 82 67 96
165005 89 74 97
165173 68 79 163
165173 48 73 162
165340 89 76 90
165340 67 68 160
165504 82 77 94
165504 48 71 162
165668 84 75 99
165670 67 79 167
165838 87 73 99
165840 36 58 120
166007 92 58 94
166170 94 58 91
166340 87 63 93
166507 91 69 90
166670 89 69 94
166840 87 73 95
167007 84 70 90
167170 82 57 94
167340 82 73 97
167507 84 77 90
167673 82 67 94
167840 84 77 94
168007 89 70 90
168171 92 66 94
168337 87 63 96
168507 91 68 95
168673 89 69 89
168838 82 63 94
169005 84 62 92
169173 87 68 91
169337 77 47 94
169507 89 59 97
169673 77 50 89
169837 84 79 94
170007 72 62 97
170173 72 66 89
170338 70 47 94
170507 70 61 92
170673 70 71 89
170838 72 77 90
171004 72 79 96
171173 72 58 94
171340 75 61 92
171339 82 63 94
