5 42 127 500
130 72 82 122
257 57 102 120
382 60 67 120
507 72 82 120
632 57 102 118
754 60 67 118
879 72 82 121
1004 57 102 121
1129 60 67 121
1254 72 82 121
1382 57 102 121
1504 60 67 118
1629 72 82 121
1754 57 102 121
1775 60 67 121
1877 76 73 120
1899 72 82 125
2007 65 74 121
2024 57 102 117
2129 69 84 121
2149 64 78 120
2254 76 73 121
2272 60 67 120
2379 65 74 123
2404 72 82 120
2504 69 84 116
2526 57 102 120
2629 76 73 119
2651 64 78 120
2754 65 74 119
2776 60 67 120
2879 69 84 119
2899 72 82 120
3004 76 73 121
3026 57 102 123
3132 65 74 119
3151 64 78 117
3254 69 84 119
3276 60 67 120
3379 76 73 119
3401 72 82 120
3504 65 74 119
3526 57 102 120
3629 69 84 119
3651 64 78 120
3754 76 73 119
3776 60 67 120
3879 65 74 119
3901 72 82 120
4004 69 84 119
4024 57 102 120
4127 76 73 121
4151 64 78 122
4258 65 74 119
4276 45 55 116
4380 69 84 119
4399 60 67 119
4505 76 73 121
4526 72 82 119
4630 65 74 119
4651 57 102 119
4754 69 84 119
4776 64 78 120
4880 76 73 119
4901 45 55 119
5005 65 74 119
5026 48 77 119
5130 69 84 119
5152 60 67 119
5255 76 73 118
5276 72 82 119
5383 65 74 119
5403 57 102 116
5505 69 84 119
5526 64 78 119
5630 76 73 119
5651 45 55 119
5755 65 74 119
5778 48 77 119
5879 69 84 119
5903 60 67 120
6007 76 73 119
6026 72 82 117
6130 65 74 119
6153 57 102 119
6255 69 84 119
6278 64 78 119
6380 76 73 123
6407 45 55 119
6505 65 74 115
6528 48 77 119
6632 69 84 119
6653 60 67 117
6755 62 22 119
6778 72 82 119
6882 62 53 117
6902 57 102 117
7006 76 73 120
7028 64 78 118
7132 65 74 119
7153 45 55 117
7257 69 84 119
7278 48 77 117
7381 62 22 119
7401 52 65 121
7505 62 53 119
7528 55 74 119
7632 62 68 119
7653 60 67 120
7757 76 73 119
7778 72 82 120
7880 65 74 119
7903 57 102 120
8007 69 84 119
8027 64 78 120
8132 62 22 120
8153 45 55 120
8257 62 53 119
8278 48 77 120
8382 62 68 119
8403 52 65 120
8507 76 73 119
8526 55 74 120
8630 65 74 119
8653 40 79 120
8757 69 84 119
8778 60 67 120
8882 62 22 119
8903 72 82 120
9005 62 53 117
9025 57 102 120
9132 62 68 120
9150 64 78 120
9255 76 73 120
9275 45 55 125
9386 65 74 120
9400 48 77 116
9507 69 84 120
9525 52 65 120
9632 62 22 120
9647 55 74 120
9757 62 53 123
9778 40 79 120
9881 62 68 117
9900 60 67 121
10007 76 73 120
10025 72 82 120
10132 65 74 122
10153 57 102 120
10257 69 84 117
10275 64 78 120
10382 62 22 120
10400 45 55 118
10507 62 53 120
10525 48 77 118
10629 62 68 120
10650 52 65 123
10757 76 73 120
10775 55 74 118
10879 65 74 120
10903 40 79 121
11004 69 84 117
11025 36 82 121
11129 62 22 120
11150 36 70 121
11254 62 53 120
11278 36 82 121
11379 62 68 117
11400 36 91 121
11502 76 73 120
11525 36 109 123
11632 65 74 120
11650 60 67 118
11754 69 84 120
11775 72 82 121
11879 62 22 120
11900 57 102 121
12004 62 53 120
12025 64 78 121
12129 62 68 120
12150 45 55 121
12254 76 73 120
12276 48 77 121
12379 65 74 119
12401 52 65 121
12504 69 84 119
12527 55 74 121
12627 62 22 120
12654 40 79 123
12757 62 53 116
12776 36 82 118
12879 62 68 119
12900 36 70 121
13004 52 59 120
13026 36 82 123
13132 53 71 119
13151 36 91 118
13254 76 73 119
13276 36 109 121
13379 65 74 119
13401 33 74 121
13504 69 84 119
13526 60 67 121
13629 62 22 119
13647 72 82 121
13754 62 53 123
13779 57 102 121
13879 62 68 116
13901 64 78 121
14004 52 59 119
14026 45 55 121
14129 53 71 119
14151 48 77 121
14255 76 73 119
14275 52 65 120
14381 65 74 120
14401 55 74 119
14504 69 84 119
14526 40 79 121
14630 62 22 119
14651 36 82 120
14754 62 53 119
14776 36 70 121
14880 62 68 119
14904 36 82 120
15004 52 59 116
15026 36 91 121
15130 53 71 119
15151 36 109 120
15255 57 78 119
15276 33 74 120
15380 76 73 119
15402 45 70 120
15507 65 74 118
15528 28 78 123
15633 69 84 117
15653 60 67 117
15755 62 22 119
15778 72 82 120
15882 62 53 119
15901 57 102 118
16005 62 68 119
16028 64 78 120
16130 52 59 119
16153 45 55 120
16255 53 71 119
16278 48 77 120
16380 57 78 119
16403 52 65 120
16507 76 73 119
16527 55 74 118
16632 65 74 120
16653 40 79 118
16761 69 84 119
16778 36 82 114
16882 62 22 119
16902 36 70 118
17007 62 53 120
17026 36 82 118
17132 62 68 119
17153 36 91 118
17256 52 59 119
17278 36 109 119
17382 53 71 119
17403 33 74 118
17507 57 78 117
17528 45 70 118
17632 76 73 119
17653 28 78 120
17755 65 74 119
17778 60 67 120
17882 69 84 119
17903 72 82 120
18007 62 22 119
18028 57 102 120
18132 62 53 119
18151 64 78 120
18257 62 68 119
18278 45 55 120
18381 52 59 119
18403 48 77 121
18507 53 71 119
18526 52 65 120
18632 57 78 119
18653 55 74 120
18757 76 73 119
18776 40 79 120
18880 65 74 125
18907 36 82 120
19007 69 84 113
19025 36 70 120
19132 62 22 120
19150 36 82 120
19257 62 53 120
19275 36 91 120
19382 62 68 120
19400 36 109 120
19507 52 59 120
19525 33 74 120
19632 53 71 120
19650 45 70 120
19757 57 78 120
19775 28 78 120
19882 76 73 120
19897 24 76 120
20005 65 74 123
20028 84 74 120
20132 69 84 117
20150 60 67 120
20257 62 22 120
20275 72 82 120
20380 62 53 120
20400 57 102 120
20507 62 68 120
20525 64 78 120
20632 52 59 120
20650 45 55 118
20754 53 71 120
20775 48 77 123
20882 57 78 120
20900 52 65 118
21004 76 73 120
21022 55 74 121
21129 65 74 123
21153 40 79 121
21254 69 84 117
21275 36 82 121
21379 62 22 120
21400 36 70 121
21504 62 53 120
21525 36 82 121
21629 62 68 120
21650 36 91 121
21752 52 59 120
21775 36 109 125
21882 53 71 120
21900 33 74 118
22004 57 78 120
22025 45 70 121
22129 60 75 120
22147 28 78 121
22254 72 89 123
22279 24 76 121
22379 76 73 116
22401 84 74 121
22504 65 74 119
22526 60 67 121
22629 69 84 121
22654 72 82 121
22754 62 22 116
22775 57 102 121
22879 62 53 120
22901 64 78 121
23007 62 68 119
23026 45 55 118
23129 52 59 119
23151 48 77 121
23254 53 71 119
23276 52 65 121
23379 57 78 119
23401 55 74 121
23504 60 75 119
23526 40 79 121
23629 72 89 119
23651 36 82 121
23754 76 73 119
23776 36 70 121
23879 65 74 119
23900 36 82 121
24004 69 84 120
24026 36 91 121
24132 62 22 119
24151 36 109 118
24254 62 53 119
24275 33 74 121
24380 62 68 120
24401 45 70 120
24505 52 59 119
24526 28 78 120
24629 53 71 119
24651 24 76 121
24755 57 78 119
24776 84 74 120
24880 60 75 119
24901 57 63 120
25005 72 89 119
25026 60 67 120
25130 59 79 125
25154 72 82 120
25255 71 76 116
25276 57 102 120
25380 76 73 119
25403 64 78 120
25505 65 74 117
25526 45 55 120
25630 69 84 119
25653 48 77 120
25754 62 22 119
25778 52 65 121
25880 62 53 119
25901 55 74 120
26005 62 68 119
26028 40 79 120
26129 52 59 119
26153 36 82 121
26255 53 71 123
26282 36 70 120
26380 57 78 115
26403 36 82 120
26507 60 75 119
26528 36 91 118
26630 72 89 119
26653 36 109 120
26757 59 79 119
26778 33 74 118
26881 71 76 119
26903 45 70 119
27007 55 53 119
27028 28 78 118
27132 67 57 119
27153 24 76 118
27256 76 73 119
27276 84 74 119
27380 65 74 119
27403 57 63 120
27507 69 84 119
27528 60 67 120
27632 62 22 119
27653 72 82 120
27755 62 53 119
27778 57 102 120
27882 62 68 119
27902 64 78 120
28007 52 59 120
28028 45 55 120
28132 53 71 119
28153 48 77 120
28257 57 78 119
28278 52 65 120
28382 60 75 119
28401 55 74 120
28505 72 89 119
28528 40 79 120
28632 59 79 119
28653 36 82 120
28757 71 76 119
28778 36 70 120
28882 55 53 119
28903 36 82 118
29007 67 57 119
29028 36 91 120
29130 76 73 117
29150 36 109 120
29261 65 74 120
29275 33 74 116
29382 69 84 120
29400 45 70 120
29507 62 22 120
29522 28 78 120
29632 62 53 123
29653 24 76 120
29756 62 68 117
29775 84 74 121
29882 52 59 120
29900 57 63 120
30007 53 71 122
30028 53 55 120
30132 57 78 117
30150 65 78 120
30255 60 75 120
30275 60 67 120
30382 72 89 120
30400 72 82 120
30507 59 79 120
30525 57 102 120
30632 71 76 120
30650 64 78 120
30757 55 53 120
30778 45 55 118
30879 67 57 117
30900 48 77 121
31004 55 86 120
31025 52 65 121
31129 67 82 120
31150 55 74 121
31254 76 73 120
31272 40 79 121
31377 65 74 123
31400 36 82 123
31507 69 84 120
31525 36 70 118
31629 62 22 120
31650 36 82 121
31754 62 53 120
31775 36 91 123
31882 62 68 120
31900 36 109 118
32004 52 59 120
32025 33 74 121
32129 53 71 120
32150 45 70 121
32254 57 78 120
32275 28 78 121
32379 60 75 120
32402 24 76 121
32502 72 89 124
32529 84 74 123
32632 59 79 116
32651 57 63 118
32754 71 76 119
32775 53 55 121
32879 55 53 120
32901 65 78 123
33007 67 57 119
33026 55 67 118
33131 55 86 119
33151 67 93 119
33254 67 82 119
33276 60 67 121
33379 76 73 119
33401 72 82 121
33504 65 74 119
33522 57 102 121
33629 69 84 123
33657 64 78 121
33754 62 22 113
33776 45 55 121
33879 62 53 119
33901 48 77 121
34004 62 68 119
34026 52 65 121
34129 52 59 119
34150 55 74 121
34254 53 71 120
34276 40 79 121
34380 57 78 119
34401 36 82 120
34505 60 75 119
34526 36 70 120
34629 72 89 119
34651 36 82 121
34755 59 79 119
34779 36 91 120
34880 71 76 116
34901 36 109 120
35005 55 53 119
35026 33 74 120
35130 67 57 119
35151 45 70 120
35255 55 86 119
35275 28 78 120
35377 67 82 120
35403 24 76 128
35508 76 73 117
35526 84 74 117
35630 65 74 119
35653 57 63 120
35755 69 84 117
35776 53 55 120
35880 62 22 119
35903 65 78 120
36006 62 53 119
36028 55 67 119
36130 62 68 119
36153 67 93 120
36255 52 59 119
36278 77 68 120
36380 53 71 119
36402 91 78 120
36507 57 78 120
36528 79 67 118
36633 60 75 119
36653 93 89 117
36757 72 89 119
36777 91 82 118
36880 59 79 120
36901 60 67 120
37007 71 76 119
37028 72 82 118
37131 55 53 119
37153 57 102 119
37257 67 57 119
37276 64 78 118
37382 55 86 119
37403 45 55 118
37507 67 82 119
37528 48 77 120
37630 93 109 119
37653 52 65 120
37757 81 77 119
37778 55 74 120
37882 45 121 119
37903 40 79 120
38007 76 73 119
38026 36 82 120
38132 65 74 119
38153 36 70 120
38256 69 84 119
38278 36 82 121
38382 62 22 119
38403 36 91 120
38507 62 53 117
38528 36 109 120
38632 62 68 119
38651 33 74 120
38755 52 59 125
38782 45 70 120
38882 53 71 115
38903 28 78 120
39007 57 78 119
39028 24 76 120
39132 60 75 117
39150 84 74 120
39257 72 89 120
39275 57 63 120
39382 59 79 122
39403 53 55 120
39507 71 76 117
39525 65 78 120
39632 55 53 120
39650 55 67 120
39757 67 57 120
39772 67 93 120
39880 55 86 123
39903 77 68 120
40007 67 82 117
40025 91 78 120
40132 93 109 120
40150 79 67 120
40255 81 77 120
40275 93 89 120
40382 45 121 120
40400 91 82 120
40507 76 73 120
40525 77 82 120
40632 65 74 120
40650 76 79 120
40757 69 84 120
40775 77 74 120
40882 62 22 120
40897 76 82 118
41004 62 53 123
41028 77 75 121
41129 62 68 117
41150 76 91 121
41254 52 59 120
41275 76 95 121
41379 53 71 120
41400 76 105 121
41504 57 78 120
41525 76 102 121
41627 60 75 120
41650 74 95 125
41757 72 89 120
41775 72 95 118
41879 59 79 120
41900 60 67 121
42004 71 76 120
42022 72 82 121
42129 55 53 123
42153 57 102 121
42254 67 57 117
42275 64 78 121
42379 55 86 120
42400 45 55 121
42504 67 82 122
42528 48 77 121
42629 93 109 117
42650 52 65 121
42754 81 77 120
42776 55 74 121
42882 45 121 119
42901 40 79 118
43004 76 73 119
43025 36 82 121
43129 65 74 120
43151 36 70 121
43254 69 84 119
43276 36 82 121
43379 62 22 119
43401 36 91 121
43504 62 53 119
43526 36 109 121
43629 62 68 119
43651 33 74 121
43754 52 59 119
43775 45 70 121
43877 53 71 120
43901 28 78 123
44007 57 78 119
44026 24 76 118
44129 60 75 119
44150 84 74 121
44254 72 89 120
44276 57 63 121
44379 59 79 119
44401 53 55 121
44504 71 76 119
44526 65 78 121
44630 55 53 119
44651 55 67 120
44755 67 57 119
44776 67 93 120
44880 55 86 119
44903 77 68 120
45005 67 82 123
45029 91 78 120
45130 93 109 116
45151 79 67 120
45255 81 77 119
45276 93 89 120
45382 45 121 119
45401 91 82 118
45505 38 84 119
45528 77 82 120
45629 50 95 117
45653 76 79 121
45754 76 73 117
45776 77 74 121
45880 65 74 119
45903 76 82 120
46006 69 84 119
46028 77 75 119
46130 62 22 117
46157 76 91 120
46255 62 53 115
46278 76 95 120
46380 62 68 119
46403 76 105 120
46507 52 59 119
46528 76 102 118
46632 53 71 119
46652 74 95 118
46756 57 78 120
46778 72 95 119
46880 60 75 119
46903 53 82 120
47007 72 89 119
47028 55 98 118
47131 59 79 119
47151 52 95 119
47255 71 76 119
47278 60 67 120
47382 55 53 119
47403 72 82 118
47507 67 57 119
47528 57 102 118
47630 55 86 119
47653 64 78 120
47757 67 82 119
47777 45 55 120
47882 93 109 120
47903 48 77 123
48011 81 77 119
48028 52 65 116
48132 45 121 119
48153 55 74 120
48257 38 84 119
48276 40 79 120
48382 50 95 119
48403 36 82 118
48507 41 102 119
48528 36 70 120
48632 53 105 119
48653 36 82 120
48757 53 91 119
48778 36 91 118
48882 41 105 119
48903 36 109 120
49005 76 73 119
49028 33 74 120
49132 65 74 119
49153 45 70 120
49257 69 84 117
49275 28 78 120
49382 62 22 120
49397 24 76 120
49507 62 53 123
49528 84 74 120
49631 62 68 117
49650 57 63 121
49757 52 59 120
49775 53 55 120
49882 53 71 120
49903 65 78 120
50007 57 78 117
50025 55 67 120
50130 60 75 120
50150 67 93 120
50257 72 89 122
50278 77 68 120
50382 59 79 117
50400 91 78 120
50507 71 76 120
50525 79 67 120
50632 55 53 120
50650 93 89 120
50756 67 57 120
50775 91 82 121
50882 55 86 120
50900 77 82 120
51007 67 82 120
51025 76 79 118
51129 93 109 120
51150 77 74 121
51252 81 77 120
51275 76 82 123
51382 45 121 120
51400 77 75 118
51504 38 84 120
51525 76 91 121
51629 50 95 120
51650 76 95 123
51757 41 102 120
51775 76 105 118
51879 53 105 120
51900 76 102 121
52004 53 91 120
52025 74 95 121
52129 41 105 120
52150 72 95 121
52254 76 73 120
52277 53 82 121
52379 65 74 124
52403 55 98 121
52507 69 84 117
52525 52 95 118
52629 62 22 120
52651 50 95 121
52754 62 53 119
52776 48 102 121
52882 62 68 119
52900 45 93 118
53006 52 59 120
53026 41 74 121
53132 53 71 119
53151 43 89 118
53254 57 78 119
53276 40 91 121
53379 60 75 119
53397 60 67 121
53504 72 89 123
53529 72 82 121
53629 59 79 116
53651 57 102 121
53754 71 76 119
53776 64 78 121
53879 55 53 119
53901 45 55 121
54004 67 57 119
54025 48 77 121
54131 55 86 120
54151 52 65 119
54254 67 82 119
54276 55 74 121
54379 93 109 119
54401 40 79 121
54504 81 77 119
54526 36 82 121
54630 45 121 119
54651 36 70 120
54755 38 84 119
54776 36 82 120
54880 50 95 119
54901 36 91 120
55005 41 102 119
55026 36 109 120
55130 53 105 119
55150 33 74 120
55255 53 91 120
55276 45 70 120
55383 41 105 119
55403 28 78 117
55505 69 117 117
55526 24 76 120
55630 72 95 119
55651 84 74 120
55755 76 73 119
55776 57 63 120
55879 65 74 121
55903 53 55 121
56007 69 84 119
56028 65 78 118
56130 62 22 119
56153 55 67 120
56255 62 53 119
56277 67 93 120
56382 62 68 120
56403 77 68 118
56511 52 59 119
56528 91 78 114
56632 53 71 119
56652 79 67 118
56757 57 78 120
56776 93 89 118
56882 60 75 119
56903 91 82 118
57006 72 89 119
57028 77 82 119
57132 59 79 119
57151 76 79 118
57257 71 76 119
57278 77 74 118
57382 55 53 119
57403 76 82 118
57505 67 57 123
57532 77 75 120
57632 55 86 115
57653 76 91 120
57757 67 82 119
57778 76 95 120
57882 93 109 119
57903 76 105 120
58007 81 77 117
58028 76 102 120
58131 45 121 119
58153 74 95 121
58257 38 84 119
58278 72 95 120
58382 50 95 117
58403 53 82 120
58507 41 102 119
58526 55 98 120
58630 53 105 125
58657 52 95 120
58757 53 91 115
58778 50 95 120
58882 41 105 119
58903 48 102 120
59007 69 117 119
59028 45 93 118
59132 72 95 119
59153 41 74 120
59257 69 115 119
59278 43 89 120
59382 72 91 117
59400 40 91 120
59507 69 113 120
59525 36 84 120
59632 72 95 120
59647 33 89 120
59755 69 115 123
59778 21 77 120
59882 72 100 117
59900 33 75 120
60007 76 73 120
60025 23 89 120
60130 65 74 120
60150 35 102 120
60257 69 84 120
60275 36 82 120
60382 62 22 120
60400 24 79 118
60504 62 53 120
60525 38 76 123
60632 62 68 120
60650 26 86 120
60757 52 59 120
60772 28 84 120
60882 53 71 123
60903 60 67 118
61007 57 78 117
61025 72 82 120
61132 60 75 120
61150 57 102 118
61254 72 89 120
61275 64 78 121
61379 59 79 120
61400 45 55 123
61507 71 76 120
61525 48 77 120
61632 55 53 120
61650 52 65 118
61754 67 57 120
61775 55 74 121
61879 55 86 120
61900 40 79 121
62004 67 82 120
62028 36 82 121
62129 93 109 117
62150 36 70 121
62254 81 77 120
62275 36 82 121
62379 45 121 122
62403 36 91 121
62504 38 84 117
62525 36 109 121
62629 50 95 120
62650 33 74 121
62757 41 102 120
62776 45 70 118
62879 53 105 119
62900 28 78 121
63004 53 91 120
63025 24 76 121
63129 41 105 120
63151 84 74 121
63254 69 117 119
63276 57 63 121
63379 72 95 119
63401 53 55 121
63504 69 115 119
63526 65 78 121
63629 72 91 119
63650 55 67 121
63752 69 113 120
63776 67 93 123
63882 72 95 119
63903 77 68 118
64004 69 115 117
64025 91 78 121
64129 72 100 120
64151 79 67 123
64257 55 95 119
64276 93 89 118
64379 69 95 119
64403 91 82 121
64505 76 73 117
64526 77 82 120
64630 65 74 119
64651 76 79 120
64755 69 84 119
64778 77 74 120
64880 62 22 123
64904 76 82 120
65005 62 53 116
65026 77 75 120
65130 62 68 119
65151 76 91 120
65255 52 59 119
65276 76 95 120
65380 53 71 119
65403 76 105 120
65504 57 78 117
65526 76 102 121
65630 60 75 119
65651 74 95 120
65755 72 89 119
65776 72 95 120
65879 59 79 119
65903 53 82 121
66005 71 76 117
66032 55 98 120
66130 55 53 115
66153 52 95 120
66257 67 57 119
66278 50 95 118
66382 55 86 119
66403 48 102 118
66507 67 82 119
66527 45 93 118
66632 93 109 120
66653 41 74 118
66757 81 77 119
66778 43 89 118
66882 45 121 119
66903 40 91 118
67007 38 84 119
67026 36 84 118
67130 50 95 119
67153 33 89 120
67257 41 102 119
67278 21 77 118
67382 53 105 119
67403 33 75 118
67505 53 91 119
67528 23 89 120
67632 41 105 119
67652 35 102 120
67757 69 117 120
67778 36 82 123
67886 72 95 119
67903 24 79 116
68007 69 115 119
68028 38 76 120
68132 72 91 119
68151 26 86 120
68257 69 113 119
68278 28 84 118
68381 72 95 119
68403 40 77 121
68507 69 115 119
68528 60 82 120
68632 72 100 119
68653 57 115 120
68757 55 95 119
68778 52 102 120
68880 69 95 119
68903 52 111 120
69007 71 105 119
69028 52 111 120
69132 57 98 119
69153 52 107 120
69257 55 93 117
69272 52 102 120
69382 53 93 123
69403 52 117 120
69506 64 111 117
69525 60 67 121
69632 64 107 120
69647 72 82 120
69757 65 109 123
69778 57 102 120
69882 60 109 117
69900 64 78 120
70007 64 109 120
70025 45 55 118
70132 65 111 120
70150 48 77 120
70257 76 73 120
70275 52 65 120
70382 65 74 120
70400 55 74 120
70507 69 84 120
70525 40 79 120
70631 62 22 120
70650 36 82 121
70757 62 53 120
70775 36 70 120
70882 62 68 120
70900 36 82 120
71007 52 59 120
71022 36 91 118
71127 53 71 125
71153 36 109 123
71257 57 78 117
71275 33 74 118
71379 60 75 120
71400 45 70 121
71504 72 89 120
71525 28 78 123
71632 59 79 120
71650 24 76 118
71754 71 76 120
71775 84 74 121
71879 55 53 120
71900 57 63 121
72004 67 57 120
72025 53 55 121
72129 55 86 120
72150 65 78 121
72254 67 82 120
72278 55 67 121
72382 93 109 117
72400 67 93 118
72504 81 77 120
72526 77 68 121
72629 45 121 119
72650 91 78 121
72754 38 84 120
72775 79 67 121
72881 50 95 120
72901 93 89 119
73004 41 102 119
73026 91 82 121
73129 53 105 119
73151 77 82 121
73254 53 91 119
73272 76 79 121
73379 41 105 123
73404 77 74 121
73504 69 117 116
73526 76 82 121
73629 72 95 119
73651 77 75 121
73754 69 115 119
73776 76 91 121
73879 72 91 119
73900 76 95 121
74004 69 113 120
74026 76 105 123
74132 72 95 119
74151 76 102 118
74254 69 115 119
74276 74 95 121
74379 72 100 119
74401 72 95 121
74504 55 95 119
74526 53 82 121
74630 69 95 119
74651 55 98 120
74755 71 105 119
74776 52 95 120
74880 57 98 119
74901 50 95 120
75005 55 93 119
75025 48 102 120
75130 53 93 120
75151 45 93 120
75258 64 111 119
75276 41 74 117
75380 64 107 119
75403 43 89 120
75505 65 109 117
75526 40 91 120
75630 60 109 119
75653 36 84 120
75754 64 109 117
75776 33 89 121
75880 65 111 119
75903 21 77 120
76005 60 100 117
76028 33 75 120
76132 64 102 119
76152 23 89 118
76255 65 98 120
76278 35 102 120
76386 69 111 119
76403 36 82 114
76507 64 91 119
76528 24 79 118
76632 65 105 119
76651 38 76 118
76757 72 113 119
76778 26 86 118
76881 72 119 119
76903 28 84 119
77007 72 123 119
77026 40 77 118
77132 72 98 119
77153 60 82 118
77257 72 111 119
77278 57 115 118
77380 72 123 119
77403 52 102 120
77507 76 73 119
77528 52 111 118
77632 65 74 119
77653 52 111 120
77757 69 84 119
77778 52 107 120
77882 62 22 117
77903 52 102 120
78006 62 53 119
78028 52 117 121
78132 62 68 119
78153 55 105 120
78257 52 59 117
78278 55 109 120
78381 53 71 119
78401 55 105 121
78505 57 78 119
78528 55 100 120
78632 60 75 119
78653 55 100 120
78757 72 89 119
78778 55 102 120
78882 59 79 119
78903 50 98 118
79007 71 76 119
79027 50 95 120
79132 55 53 120
79153 50 95 120
79257 67 57 119
79278 50 98 120
79382 55 86 117
79400 50 105 120
79507 67 82 120
79522 52 95 120
79630 93 109 123
79653 52 102 120
79757 81 77 117
79775 52 105 120
79882 45 121 120
79900 52 109 120
80007 38 84 120
80025 48 98 118
80132 50 95 120
80150 45 84 120
80257 41 102 120
80275 60 67 118
80379 53 105 120
80400 72 82 123
80507 53 91 120
80525 57 102 120
80632 41 105 120
80647 64 78 118
80754 69 117 123
80778 45 55 121
80879 72 95 117
80900 48 77 121
81004 69 115 120
81025 52 65 121
81129 72 91 122
81153 55 74 121
81254 69 113 117
81275 40 79 121
81377 72 95 120
81400 36 82 125
81507 69 115 120
81525 36 70 118
81629 72 100 120
81650 36 82 121
81754 55 95 120
81775 36 91 121
81879 69 95 120
81903 36 109 121
82004 71 105 117
82025 33 74 121
82129 57 98 120
82150 45 70 121
82254 55 93 122
82278 28 78 121
82379 53 93 117
82400 24 76 121
82502 64 111 120
82525 84 74 123
82632 64 107 120
82650 57 63 118
82754 65 109 120
82775 53 55 121
82879 60 109 120
82901 65 78 121
83004 64 109 119
83026 55 67 121
83129 65 111 119
83151 67 93 121
83254 60 100 119
83276 77 68 121
83379 64 102 119
83401 91 78 121
83504 65 98 119
83527 79 67 121
83627 69 111 118
83651 93 89 123
83757 64 91 119
83776 91 82 118
83879 65 105 119
83900 77 82 121
84004 72 113 120
84026 76 79 123
84132 72 119 119
84151 77 74 118
84254 72 123 119
84276 76 82 121
84379 72 98 119
84401 77 75 121
84505 72 111 119
84526 76 91 120
84630 72 123 119
84651 76 95 120
84755 33 93 125
84779 76 105 120
84880 45 100 116
84901 76 102 120
85005 45 95 119
85026 74 95 120
85130 33 105 119
85151 72 95 120
85255 33 95 119
85275 53 82 120
85379 45 98 120
85403 55 98 121
85505 45 102 117
85526 52 95 120
85630 33 100 119
85653 50 95 120
85754 29 95 117
85776 48 102 121
85880 41 89 119
85907 45 93 120
86007 41 91 113
86028 41 74 118
86130 29 93 117
86153 43 89 120
86255 29 93 119
86278 40 91 120
86380 41 91 119
86402 36 84 120
86507 41 95 120
86528 33 89 123
86636 29 89 119
86653 21 77 114
86757 76 73 119
86778 33 75 118
86882 65 74 119
86901 23 89 118
87005 69 84 119
87028 35 102 120
87132 62 22 119
87153 36 82 118
87257 62 53 119
87278 24 79 118
87380 62 68 119
87403 38 76 120
87507 52 59 119
87527 26 86 118
87632 53 71 120
87653 28 84 118
87761 57 78 119
87778 40 77 116
87882 60 75 119
87903 60 82 120
88007 72 89 119
88026 57 115 120
88132 59 79 119
88153 52 102 120
88256 71 76 119
88278 52 111 121
88382 55 53 119
88403 52 111 120
88507 67 57 119
88528 52 107 120
88632 55 86 119
88653 52 102 120
88755 67 82 119
88778 52 117 120
88882 93 109 119
88903 55 105 120
89007 81 77 119
89028 55 109 120
89132 45 121 119
89151 55 105 120
89257 38 84 119
89278 55 100 120
89381 50 95 119
89403 55 100 121
89507 41 102 117
89522 55 102 120
89632 53 105 123
89653 50 98 120
89757 53 91 117
89775 50 95 120
89880 41 105 120
89900 50 95 120
90007 69 117 120
90025 50 98 120
90132 72 95 120
90150 50 105 120
90257 69 115 120
90275 52 95 120
90382 72 91 120
90400 52 102 120
90507 69 113 120
90525 52 105 120
90632 72 95 120
90650 52 109 118
90754 69 115 120
90775 48 98 123
90882 72 100 120
90897 45 84 118
91002 55 95 125
91028 74 84 123
91132 69 95 117
91150 72 79 118
91254 71 105 120
91275 74 91 121
91379 57 98 120
91400 72 98 123
91507 55 93 120
91526 74 93 118
91629 53 93 119
91650 72 77 121
91754 64 111 120
91775 74 89 121
91879 64 107 120
91900 72 107 121
92004 65 109 120
92022 76 95 121
92129 60 109 123
92153 91 79 121
92254 64 109 117
92275 89 89 121
92379 65 111 120
92401 91 93 121
92504 60 100 119
92526 89 98 121
92629 64 102 119
92650 91 95 121
92756 65 98 120
92776 89 91 119
92879 69 111 119
92901 91 98 121
93004 64 91 119
93026 89 86 121
93129 65 105 119
93147 93 98 121
93254 72 113 123
93279 96 98 121
93379 72 119 116
93403 60 67 121
93504 72 123 117
93526 72 82 121
93629 72 98 119
93651 57 102 121
93754 72 111 119
93775 64 78 121
93879 72 123 120
93901 45 55 123
94010 33 93 119
94026 48 77 115
94129 45 100 119
94151 52 65 121
94254 45 95 119
94276 55 74 121
94379 33 105 119
94401 40 79 121
94506 33 95 119
94526 36 82 119
94629 45 98 119
94653 36 70 121
94755 45 102 117
94776 36 82 120
94880 33 100 119
94902 36 91 120
95007 29 95 118
95026 36 109 118
95133 41 89 119
95153 33 74 117
95255 41 91 117
95278 45 70 120
95380 29 93 117
95401 28 78 120
95505 29 93 119
95528 24 76 120
95629 41 91 117
95653 84 74 121
95755 41 95 117
95778 57 63 120
95880 29 89 117
95903 53 55 120
96007 29 91 117
96028 65 78 118
96130 41 91 119
96153 55 67 120
96261 41 95 119
96278 67 93 114
96380 29 91 119
96403 77 68 120
96507 47 107 119
96526 91 78 118
96632 48 119 119
96653 79 67 118
96756 53 109 119
96778 93 89 119
96882 57 111 119
96901 91 82 118
97007 55 119 119
97028 77 82 118
97132 76 73 119
97153 76 79 118
97255 65 74 123
97282 77 74 120
97382 69 84 115
97403 76 82 118
97507 62 22 119
97528 77 75 118
97632 62 53 119
97653 76 91 120
97757 62 68 117
97778 76 95 120
97881 52 59 119
97903 76 105 121
98007 53 71 119
98028 76 102 120
98132 57 78 119
98153 74 95 120
98256 60 75 119
98276 72 95 121
98380 72 89 119
98403 53 82 120
98507 59 79 119
98528 55 98 120
98632 71 76 119
98653 52 95 120
98757 55 53 119
98778 50 95 118
98882 67 57 119
98902 48 102 120
99007 55 86 120
99028 45 93 120
99132 67 82 119
99153 41 74 120
99257 93 109 117
99275 43 89 120
99382 81 77 122
99401 40 91 120
99505 45 121 119
99528 36 84 120
99632 38 84 117
99650 33 89 120
99757 50 95 120
99775 21 77 120
99882 41 102 120
99900 33 75 118
100007 53 105 120
100025 23 89 120
100132 53 91 120
100150 35 102 118
100254 41 105 120
100275 36 82 123
100382 69 117 120
100400 24 79 120
100507 72 95 120
100522 38 76 120
100632 69 115 123
100653 26 86 120
100756 72 91 117
100775 28 84 121
100882 69 113 120
100900 40 77 118
101004 72 95 122
101028 60 82 121
101129 69 115 117
101150 57 115 121
101254 72 100 120
101275 52 102 121
101382 55 95 120
101400 52 111 118
101504 69 95 120
101525 52 111 121
101629 71 105 120
101650 52 107 121
101754 57 98 120
101778 52 102 121
101879 55 93 117
101900 52 117 121
102004 53 93 120
102025 55 105 121
102129 64 111 120
102151 55 109 121
102254 64 107 119
102277 55 105 121
102377 65 109 118
102401 55 100 123
102507 60 109 119
102526 55 100 118
102629 64 109 119
102650 55 102 121
102754 65 111 120
102776 50 98 121
102879 60 100 119
102901 50 95 121
103004 64 102 119
103026 50 95 121
103129 65 98 119
103151 50 98 121
103254 69 111 119
103276 50 105 121
103379 64 91 119
103400 52 95 121
103502 65 105 122
103529 52 102 123
103632 72 113 116
103651 52 105 118
103754 72 119 119
103775 52 109 121
103879 72 123 120
103901 48 98 123
104007 72 98 119
104026 45 84 118
104131 72 111 119
104151 74 84 119
104254 72 123 119
104276 72 79 121
104379 33 93 119
104401 74 91 121
104504 45 100 119
104528 72 98 121
104629 45 95 123
104654 74 93 121
104755 33 105 116
104776 72 77 120
104880 33 95 119
104901 74 89 120
105005 45 98 119
105026 72 107 120
105130 45 102 119
105152 76 95 120
105254 33 100 118
105276 91 79 121
105380 29 95 119
105401 89 89 120
105505 41 89 119
105528 91 93 120
105629 41 91 117
105651 89 98 121
105755 29 93 119
105782 91 95 120
105880 29 93 113
105903 89 91 120
106007 41 91 117
106028 91 98 118
106130 41 95 117
106153 89 86 120
106257 29 89 119
106277 93 98 118
106382 29 91 120
106403 96 98 118
106507 41 91 119
106528 57 98 118
106632 41 95 119
106653 45 79 118
106757 29 91 119
106776 48 95 118
106880 47 107 119
106903 36 95 120
107007 48 119 119
107028 50 55 118
107132 53 109 119
107153 50 73 120
107255 57 111 119
107278 50 86 120
107382 55 119 119
107402 50 89 118
107507 91 121 120
107528 50 117 123
107636 79 93 119
107653 52 117 116
107757 67 113 119
107778 45 98 118
107882 76 73 119
107901 60 67 120
108007 65 74 119
108028 72 82 120
108131 69 84 119
108153 57 102 121
108257 62 22 119
108278 64 78 120
108382 62 53 117
108403 45 55 120
108507 62 68 119
108528 48 77 120
108632 52 59 119
108653 52 65 118
108757 53 71 119
108778 55 74 120
108882 57 78 119
108903 40 79 120
109007 60 75 119
109026 36 82 120
109132 72 89 119
109153 36 70 120
109256 59 79 119
109278 36 82 121
109382 71 76 119
109401 36 91 120
109507 55 53 119
109528 36 109 120
109632 67 57 117
109647 33 74 120
109755 55 86 123
109775 45 70 120
109882 67 82 120
109900 28 78 120
110007 93 109 120
110025 24 76 120
110132 81 77 122
110153 84 74 120
110257 45 121 117
110275 57 63 120
110382 38 84 120
110400 53 55 120
110507 50 95 120
110525 65 78 118
110629 41 102 120
110650 55 67 123
110757 53 105 120
110772 67 93 120
110880 53 91 125
110903 77 68 120
111007 41 105 117
111025 91 78 120
111132 69 117 120
111150 79 67 118
111254 72 95 120
111275 93 89 121
111382 69 115 120
111400 91 82 118
111504 72 91 120
111525 77 82 126
111636 69 113 120
111650 76 79 114
111754 72 95 120
111775 77 74 121
111879 69 115 120
111897 76 82 121
112004 72 100 123
112028 77 75 121
112129 55 95 117
112150 76 91 121
112254 69 95 120
112275 76 95 121
112379 71 105 120
112400 76 105 121
112504 57 98 120
112525 76 102 121
112629 55 93 120
112650 74 95 121
112754 53 93 120
112775 72 95 121
112879 64 111 120
112901 53 82 121
113004 64 107 119
113022 55 98 121
113129 65 109 123
113154 52 95 121
113254 60 109 116
113276 50 95 121
113379 64 109 119
113401 48 102 121
113504 65 111 125
113529 45 93 121
113629 60 100 116
113650 41 74 121
113754 64 102 120
113776 43 89 121
113882 65 98 119
113901 40 91 118
114004 69 111 119
114026 36 84 121
114129 64 91 119
114151 33 89 121
114254 65 105 119
114276 21 77 121
114379 72 113 119
114401 33 75 121
114504 72 119 119
114526 23 89 121
114629 72 123 119
114651 35 102 121
114755 72 98 119
114775 36 82 120
114882 72 111 120
114901 24 79 118
115008 72 123 119
115026 38 76 117
115130 33 93 119
115150 26 86 120
115255 45 100 120
115276 28 84 120
115380 45 95 119
115401 40 77 120
115504 33 105 119
115526 60 82 121
115630 33 95 121
115651 57 115 120
115755 45 98 119
115776 52 102 120
115880 45 102 121
115903 52 111 120
116005 33 100 119
116026 52 111 120
116130 29 95 121
116153 52 107 120
116257 41 89 119
116278 52 102 118
116380 41 91 119
116401 52 117 120
116507 29 93 119
116528 55 105 118
116631 29 93 119
116653 55 109 119
116757 41 91 119
116776 55 105 118
116882 41 95 119
116903 55 100 118
117007 29 89 119
117028 55 100 118
117130 29 91 123
117157 55 102 120
117257 41 91 115
117278 50 98 118
117382 41 95 119
117403 50 95 118
117507 29 91 119
117528 50 95 118
117632 47 107 117
117653 50 98 120
117756 48 119 119
117778 50 105 119
117882 53 109 119
117903 52 95 120
118007 57 111 119
118028 52 102 120
118131 55 119 119
118151 52 105 121
118255 91 121 121
118278 52 109 120
118382 79 93 119
118403 48 98 120
118507 67 113 119
118528 45 84 120
118630 36 102 119
118653 74 84 120
118757 48 111 119
118777 72 79 120
118882 60 109 120
118903 74 91 120
119007 62 111 119
119028 72 98 120
119132 50 113 119
119153 74 93 120
119257 38 117 117
119272 72 77 120
119380 31 93 123
119403 74 89 120
119507 43 95 117
119525 72 107 120
119632 76 73 120
119650 76 95 120
119757 65 74 120
119775 91 79 118
119882 69 84 120
119900 89 89 120
120007 62 22 120
120025 91 93 123
120136 62 53 120
120150 89 98 116
120257 62 68 120
120275 91 95 120
120382 52 59 120
120397 89 91 120
120507 53 71 123
120528 91 98 120
120631 57 78 117
120650 89 86 121
120757 60 75 120
120775 93 98 120
120882 72 89 122
120903 96 98 120
121007 59 79 117
121025 57 98 120
121132 71 76 120
121150 45 79 118
121257 55 53 120
121275 48 95 120
121382 67 57 120
121400 36 95 118
121504 55 86 120
121525 50 55 121
121629 67 82 120
121653 50 73 121
121754 93 109 117
121775 50 86 121
121879 81 77 120
121900 50 89 121
122004 45 121 120
122025 50 117 121
122129 38 84 120
122150 52 117 121
122252 50 95 120
122275 45 98 123
122382 41 102 120
122400 60 67 118
122504 53 105 120
122525 72 82 121
122629 53 91 120
122650 57 102 121
122754 41 105 120
122776 64 78 121
122879 69 117 119
122900 45 55 121
123004 72 95 120
123025 48 77 121
123129 69 115 120
123151 52 65 121
123254 72 91 119
123275 55 74 121
123379 69 113 120
123401 40 79 121
123507 72 95 119
123526 36 82 118
123629 69 115 119
123650 36 70 121
123754 72 100 120
123776 36 82 126
123882 55 95 119
123901 36 91 118
124004 69 95 119
124026 36 109 121
124129 71 105 119
124151 33 74 121
124254 57 98 119
124276 45 70 121
124379 55 93 119
124403 28 78 121
124504 53 93 117
124529 24 76 121
124630 64 111 116
124651 84 74 120
124756 64 107 119
124776 57 63 119
124880 65 109 119
124901 53 55 120
125025 60 109 119
125151 64 109 120
125276 65 111 119
125403 60 100 119
125526 64 102 117
125654 65 98 119
125776 69 111 116
125903 64 91 119
126005 65 105 117
126026 72 82 120
126130 72 113 119
126152 57 102 120
126255 72 119 118
126278 60 67 125
126383 72 123 119
126403 72 82 117
126505 72 98 119
126528 57 102 120
126630 72 111 119
126651 60 67 120
126755 72 123 119
126778 72 82 120
126880 33 93 119
126903 57 102 120
127007 45 100 119
127028 60 67 118
127130 45 95 119
127153 72 82 120
127257 33 105 119
127277 57 102 118
127382 33 95 120
127403 60 67 118
127511 45 98 119
127528 72 82 114
127632 45 102 119
127652 57 102 118
127757 33 100 120
127776 60 67 118
127882 29 95 119
127903 72 82 120
128006 41 89 119
128028 57 102 121
128132 41 91 119
128151 64 78 120
128257 29 93 119
128278 60 67 118
128382 29 93 119
128403 72 82 120
128505 41 91 119
128528 57 102 120
128632 41 95 119
128653 64 78 120
128757 29 89 119
128778 60 67 120
128882 29 91 119
128901 72 82 120
129007 41 91 119
129028 57 102 120
129131 41 95 119
129153 64 78 121
129257 29 91 119
129278 60 67 120
129382 47 107 117
129403 72 82 120
129507 48 119 119
129526 57 102 120
129630 53 109 119
129650 64 78 120
129757 57 111 120
129775 60 67 120
129882 55 119 120
129900 72 82 120
130007 91 121 120
130025 57 102 120
130132 79 93 120
130150 64 78 120
130257 67 113 120
130275 45 55 120
130382 36 102 120
130400 60 67 120
130507 48 111 120
130525 72 82 120
130632 60 109 120
130647 57 102 120
130755 62 111 125
130778 64 78 120
130882 50 113 117
130900 45 55 120
131007 38 117 120
131025 48 77 120
131130 31 93 120
131150 60 67 120
131257 43 95 120
131275 72 82 118
131379 57 115 120
131400 57 102 121
131504 55 115 120
131525 64 78 121
131629 57 102 120
131650 45 55 121
131754 55 105 120
131772 48 77 121
131879 57 107 123
131903 60 67 121
132004 55 105 117
132025 72 82 121
132129 48 102 120
132150 57 102 121
132254 59 98 120
132275 64 78 121
132379 55 100 120
132400 45 55 121
132504 48 78 120
132525 48 77 123
132632 59 82 120
132650 60 67 118
132754 55 78 120
132775 72 82 121
132879 43 105 120
132897 57 102 121
133004 43 107 123
133029 64 78 121
133129 47 119 116
133151 45 55 121
133254 48 123 119
133276 48 77 121
133379 76 73 121
133404 52 65 121
133504 65 74 116
133525 55 74 121
133629 69 84 120
133651 60 67 123
133757 62 22 119
133776 72 82 118
133879 62 53 119
133901 57 102 121
134004 62 68 119
134026 64 78 121
134129 52 59 119
134151 45 55 121
134254 53 71 119
134276 48 77 121
134379 57 78 119
134401 52 65 121
134504 60 75 119
134526 55 74 121
134629 72 89 119
134650 40 79 121
134752 59 79 120
134776 60 67 123
134883 71 76 119
134901 72 82 117
135005 55 53 119
135025 57 102 120
135130 67 57 120
135151 64 78 120
135254 55 86 119
135276 45 55 121
135379 67 82 119
135401 48 77 121
135505 93 109 119
135526 52 65 120
135630 81 77 119
135651 55 74 120
135755 45 121 119
135778 40 79 120
135880 38 84 123
135904 60 67 120
136007 50 95 116
136026 72 82 118
136130 41 102 119
136153 57 102 120
136255 53 105 119
136276 64 78 120
136380 53 91 119
136403 45 55 120
136504 41 105 119
136528 48 77 121
136630 69 117 119
136651 52 65 120
136755 72 95 119
136778 55 74 120
136879 69 115 119
136903 40 79 121
137005 72 91 117
137032 36 82 120
137132 69 113 115
137153 36 70 118
137257 72 95 119
137278 36 82 118
137380 69 115 119
137403 36 91 120
137507 72 100 119
137527 36 109 118
137631 55 95 120
137653 60 67 121
137757 69 95 119
137778 72 82 118
137882 71 105 119
137903 57 102 120
138006 57 98 119
138026 64 78 119
138130 55 93 119
138153 45 55 120
138257 53 93 119
138278 48 77 118
138382 64 111 119
138403 52 65 120
138505 64 107 119
138528 55 74 120
138632 65 109 119
138652 40 79 120
138757 60 109 120
138778 36 82 120
138882 64 109 119
138903 36 70 120
139007 65 111 119
139028 36 82 120
139132 60 100 119
139151 36 91 120
139257 64 102 119
139278 36 109 118
139382 65 98 119
139403 33 74 120
139507 69 111 117
139525 60 67 120
139632 64 91 120
139650 72 82 118
139757 65 105 120
139775 57 102 120
139880 72 113 120
139900 64 78 122
140007 72 119 120
140025 45 55 120
140132 72 123 120
140150 48 77 120
140257 72 98 120
140275 52 65 120
140382 72 111 120
140403 55 74 120
140506 72 123 117
140525 40 79 121
140632 33 93 120
140650 36 82 120
140757 45 100 122
140778 36 70 120
140882 45 95 117
140900 36 82 120
141005 33 105 120
141025 36 91 120
141132 33 95 120
141150 36 109 118
141254 45 98 120
141275 33 74 121
141379 45 102 120
141400 45 70 121
141504 33 100 120
141525 28 78 121
141629 29 95 120
141650 60 67 121
141754 41 89 120
141775 72 82 123
141882 41 91 120
141900 57 102 118
142004 29 93 120
142027 64 78 121
142127 29 93 120
142153 45 55 123
142257 41 91 117
142275 48 77 120
142382 41 95 120
142400 52 65 118
142504 29 89 120
142525 55 74 123
142632 29 91 120
142650 40 79 118
142754 41 91 120
142775 36 82 121
142879 41 95 120
142900 36 70 121
143004 29 91 120
143025 36 82 121
143129 47 107 120
143150 36 91 121
143254 48 119 122
143279 36 109 121
143382 53 109 116
143401 33 74 118
143504 57 111 119
143526 45 70 121
143629 55 119 119
143651 28 78 123
143757 91 121 119
143776 60 67 118
143881 79 93 119
143901 72 82 119
144004 67 113 119
144026 57 102 121
144129 36 102 119
144151 64 78 121
144254 48 111 119
144272 45 55 121
144379 60 109 123
144404 48 77 121
144504 62 111 116
144526 52 65 121
144629 50 113 119
144651 55 74 121
144754 38 117 119
144776 40 79 121
144879 31 93 119
144900 36 82 121
145004 43 95 120
145026 36 70 121
145130 57 115 119
145151 36 82 120
145255 55 115 119
145276 36 91 120
145379 57 102 119
145401 36 109 121
145505 55 105 119
145526 33 74 120
145630 57 107 119
145653 45 70 120
145755 55 105 117
145778 28 78 120
145880 48 102 117
145903 24 76 120
146005 59 98 117
146027 84 74 120
146130 55 100 118
146153 60 67 125
146258 48 78 117
146278 72 82 117
146380 59 82 119
146403 57 102 120
146505 55 78 119
146526 64 78 120
146630 43 105 119
146653 45 55 120
146754 43 107 119
146778 48 77 121
146880 47 119 119
146903 52 65 120
147005 48 123 119
147028 55 74 120
147130 60 115 119
147152 40 79 120
147257 65 95 120
147278 36 82 118
147386 64 98 119
147403 36 70 114
147507 60 98 119
147528 36 82 118
147632 76 73 119
147651 36 91 118
147757 65 74 119
147778 36 109 118
147881 69 84 119
147903 33 74 121
148007 62 22 119
148026 45 70 120
148132 62 53 119
148153 28 78 120
148257 62 68 119
148278 24 76 120
148380 52 59 123
148407 84 74 120
148507 53 71 115
148528 60 67 120
148632 57 78 119
148653 72 82 120
148757 60 75 119
148778 57 102 120
148882 72 89 117
148903 64 78 120
149006 59 79 119
149028 45 55 121
149132 71 76 119
149153 48 77 120
149257 55 53 117
149278 52 65 120
149382 67 57 119
149403 55 74 120
149505 55 86 119
149528 40 79 120
149632 67 82 119
149653 36 82 120
149757 93 109 117
149775 36 70 120
149882 81 77 120
149900 36 82 120
150007 45 121 120
150025 36 91 120
150132 38 84 120
150150 36 109 120
150257 50 95 120
150275 33 74 120
150382 41 102 120
150400 45 70 120
150507 53 105 120
150522 28 78 120
150630 53 91 123
150653 24 76 120
150757 41 105 117
150775 84 74 118
150879 69 117 120
150900 57 63 123
151005 72 95 120
151025 60 67 120
151132 69 115 120
151150 72 82 120
151257 72 91 120
151275 57 102 118
151379 69 113 120
151400 64 78 121
151504 72 95 120
151525 45 55 121
151629 69 115 120
151647 48 77 121
151754 72 100 123
151778 52 65 121
151879 55 95 117
151900 55 74 121
152004 69 95 120
152025 40 79 121
152129 71 105 120
152150 36 82 121
152254 57 98 120
152275 36 70 121
152377 55 93 120
152400 36 82 125
152507 53 93 120
152525 36 91 118
152629 64 111 120
152650 36 109 121
152754 64 107 120
152775 33 74 121
152879 65 109 120
152904 45 70 121
153004 60 109 116
153026 28 78 121
153129 64 109 119
153151 24 76 121
153254 65 111 121
153279 84 74 121
153379 60 100 116
153400 57 63 121
153504 64 102 120
153526 60 67 121
153632 65 98 119
153651 72 82 118
153754 69 111 119
153776 57 102 121
153879 64 91 119
153901 64 78 121
154004 65 105 119
154026 45 55 121
154129 72 113 119
154151 48 77 121
154254 72 119 119
154276 52 65 121
154379 72 123 119
154401 55 74 121
154504 72 98 119
154525 40 79 121
154627 72 111 120
154651 36 82 123
154757 72 123 119
154776 36 70 118
154880 33 93 119
154900 36 82 120
155005 45 100 120
155026 36 91 120
155130 45 95 119
155153 36 109 120
155254 33 105 117
155276 33 74 121
155380 33 95 119
155401 45 70 120
155507 45 98 119
155526 28 78 118
155630 45 102 119
155653 24 76 120
155755 33 100 117
155779 84 74 120
155880 29 95 116
155903 57 63 120
156007 41 89 117
156028 53 55 118
156130 41 91 117
156151 65 78 120
156255 29 93 119
156278 60 67 120
156379 29 93 117
156403 72 82 121
156505 41 91 119
156526 57 102 120
156630 41 95 119
156653 64 78 120
156754 29 89 119
156778 45 55 121
156880 29 91 117
156907 48 77 120
157005 41 91 115
157028 52 65 120
157130 41 95 119
157153 55 74 120
157257 29 91 119
157278 40 79 118
157380 47 107 119
157402 36 82 122
157507 48 119 120
157528 36 70 123
157633 53 109 119
157653 36 82 117
157757 57 111 119
157778 36 91 118
157880 55 119 119
157903 36 109 120
158005 91 121 117
158028 33 74 120
158132 79 93 119
158153 45 70 120
158257 67 113 119
158278 28 78 120
158380 36 102 119
158403 24 76 120
158507 48 111 119
158527 84 74 120
158632 60 109 120
158653 57 63 120
158757 62 111 119
158778 53 55 120
158882 50 113 119
158903 65 78 120
159007 38 117 119
159026 55 67 120
159132 31 93 119
159153 67 93 118
159256 43 95 119
159278 60 67 121
159382 57 115 119
159403 72 82 120
159507 55 115 119
159528 57 102 120
159632 57 102 119
159653 64 78 120
159755 55 105 117
159775 45 55 120
159882 57 107 120
159900 48 77 120
160007 55 105 120
160025 52 65 120
160132 48 102 120
160147 55 74 120
160257 59 98 123
160278 40 79 120
160381 55 100 117
160400 36 82 121
160507 48 78 120
160525 36 70 120
160632 59 82 120
160653 36 82 120
160757 55 78 117
160775 36 91 120
160880 43 105 126
160907 36 109 120
161007 43 107 113
161025 33 74 120
161132 47 119 120
161150 45 70 120
161257 48 123 120
161275 28 78 118
161379 60 115 120
161400 24 76 123
161506 65 95 120
161525 84 74 119
161629 64 98 120
161650 57 63 121
161754 60 98 120
161775 53 55 121
161879 76 73 120
161900 65 78 121
162002 65 74 120
162025 55 67 123
162132 69 84 120
162150 67 93 118
162254 62 22 120
162275 77 68 121
162379 62 53 120
162400 91 78 123
162507 62 68 120
162526 79 67 118
162629 52 59 119
162650 93 89 121
162754 53 71 120
162776 91 82 121
162879 57 78 119
162901 60 67 121
163004 60 75 119
163025 72 82 121
163129 72 89 126
163154 57 102 121
163257 59 79 116
163276 64 78 118
163379 71 76 119
163401 45 55 121
163504 55 53 119
163526 48 77 121
163629 67 57 119
163650 52 65 121
163752 55 86 120
163776 55 74 123
163879 67 82 119
163901 40 79 121
164004 93 109 119
164026 36 82 121
164129 81 77 119
164147 36 70 121
164254 45 121 123
164279 36 82 121
164379 38 84 116
164401 36 91 121
164504 50 95 119
164526 36 109 121
164629 41 102 119
164651 33 74 121
164754 53 105 119
164775 45 70 121
164879 53 91 120
164901 28 78 123
165008 41 105 119
165026 24 76 117
165130 69 117 119
165151 84 74 120
165254 72 95 119
165276 57 63 121
165380 69 115 119
165403 53 55 120
165505 72 91 117
165526 65 78 120
165630 69 113 119
165653 55 67 120
165755 72 95 117
165778 67 93 120
165880 69 115 117
165902 77 68 120
166007 72 100 118
166028 91 78 118
166133 55 95 117
166153 79 67 117
166255 69 95 117
166278 93 89 120
166380 71 105 117
166401 91 82 120
166505 57 98 119
166528 77 82 120
166629 55 93 119
166653 76 79 121
166755 53 93 119
166778 77 74 120
166880 64 111 119
166903 76 82 120
167005 64 107 119
167027 77 75 120
167130 65 109 120
167153 76 91 120
167258 60 109 119
167278 76 95 117
167380 64 109 119
167403 76 105 120
167507 65 111 119
167526 76 102 118
167630 60 100 119
167653 74 95 120
167756 64 102 119
167778 72 95 119
167882 65 98 119
167901 60 67 118
168007 69 111 119
168028 72 82 118
168132 64 91 119
168153 57 102 120
168255 65 105 119
168278 64 78 120
168382 72 113 119
168403 45 55 120
168507 72 119 119
168528 48 77 120
168632 72 123 119
168653 52 65 120
168757 72 98 117
168778 55 74 120
168881 72 111 119
168903 40 79 121
169007 72 123 119
169028 36 82 120
169132 33 93 117
169153 36 70 120
169257 45 100 119
169278 36 82 120
169380 45 95 119
169403 36 91 120
169507 33 105 119
169528 36 109 120
169632 33 95 119
169653 33 74 120
169757 45 98 119
169778 45 70 118
169882 45 102 117
169900 28 78 120
170007 33 100 120
170025 24 76 120
170132 29 95 120
170150 84 74 120
170257 41 89 120
170275 57 63 120
170382 41 91 120
170397 53 55 120
170505 29 93 123
170528 65 78 120
170632 29 93 117
170650 55 67 120
170757 41 91 120
170775 67 93 120
170882 41 95 120
170900 77 68 118
171007 29 89 120
171025 91 78 120
171130 29 91 120
171150 79 67 120
171254 41 91 120
171275 93 89 123
171382 41 95 120
171400 91 82 118
171504 29 91 120
171522 77 82 121
171629 47 107 123
171653 76 79 121
171754 48 119 117
171775 77 74 121
171879 53 109 120
171900 76 82 121
172004 57 111 120
172025 77 75 121
172129 55 119 120
172150 76 91 121
172254 91 121 120
172275 76 95 123
172382 79 93 120
172400 76 105 118
172504 67 113 120
172525 76 102 121
172629 36 102 120
172650 74 95 121
172754 48 111 120
172778 72 95 121
172879 60 109 117
172900 53 82 121
173004 62 111 120
173025 55 98 123
173132 50 113 126
173153 52 95 118
173254 38 117 117
173277 60 67 121
173377 31 93 118
173401 72 82 123
173507 43 95 119
173526 57 102 118
173629 57 115 119
173650 64 78 121
173754 55 115 120
173776 45 55 121
173879 57 102 119
173901 48 77 121
174004 55 105 119
174026 52 65 121
174129 57 107 119
174151 55 74 121
174254 55 105 119
174276 40 79 121
174379 48 102 119
174400 36 82 121
174502 59 98 122
174529 36 70 123
174632 55 100 116
174651 36 82 118
174754 48 78 119
174775 36 91 121
174879 59 82 120
174901 36 109 123
175008 55 78 119
175026 33 74 117
175129 43 105 119
175151 45 70 121
175255 43 107 119
175276 28 78 120
175380 47 119 119
175401 24 76 120
175505 48 123 119
175526 84 74 120
175630 60 115 125
175654 57 63 120
175755 65 95 116
175776 53 55 120
175880 64 98 119
175901 65 78 120
176007 60 98 119
176026 55 67 118
176130 76 73 119
176151 67 93 120
176254 65 74 121
176276 77 68 121
176380 69 84 121
176401 91 78 120
176505 62 22 119
176528 79 67 120
176629 62 53 119
176651 93 89 121
176755 62 68 125
176782 91 82 120
176880 52 59 115
176903 77 82 120
177007 53 71 119
177028 76 79 118
177130 57 78 119
177153 77 74 120
177257 60 75 119
177277 76 82 118
177380 72 89 120
177403 77 75 120
177507 59 79 119
177528 76 91 118
177632 71 76 119
177653 76 95 118
177757 55 53 119
177776 76 105 118
177880 67 57 119
177903 76 102 120
178007 55 86 119
178028 74 95 118
178132 67 82 119
178153 72 95 120
178255 93 109 119
178278 53 82 120
178382 81 77 119
178402 55 98 120
178507 45 121 120
178528 52 95 123
178636 38 84 119
178653 50 95 116
178757 50 95 119
178778 48 102 120
178882 41 102 119
178901 45 93 120
179007 53 105 119
179028 41 74 118
179131 53 91 119
179153 43 89 121
179257 41 105 119
179278 40 91 120
179382 69 117 119
179403 60 67 120
179507 72 95 117
179525 72 82 120
179630 69 115 120
179650 57 102 120
179757 72 91 120
179775 64 78 120
179882 69 113 120
179900 45 55 120
180007 72 95 120
180022 48 77 120
180132 69 115 123
180153 52 65 120
180256 72 100 117
180275 55 74 121
180382 55 95 120
180397 40 79 120
180507 69 95 123
180528 36 82 120
180632 71 105 117
180647 36 70 120
180755 57 98 123
180775 36 82 120
180882 55 93 120
180900 36 91 120
181007 53 93 120
181025 36 109 120
181132 64 111 120
181150 33 74 120
181257 64 107 120
181275 45 70 120
181382 65 109 120
181400 28 78 120
181507 60 109 120
181525 24 76 120
181632 64 109 120
181650 84 74 118
181754 65 111 120
181775 57 63 121
181877 60 100 120
181900 53 55 123
182007 64 102 120
182025 65 78 118
182129 65 98 120
182150 55 67 121
182254 69 111 120
182275 67 93 123
182382 64 91 120
182400 77 68 118
182504 65 105 120
182525 91 78 121
182629 72 113 120
182650 79 67 121
182754 72 119 120
182775 93 89 121
182879 72 123 120
182897 91 82 121
183004 72 98 129
183028 77 82 121
183129 72 111 117
183150 76 79 121
183254 72 123 120
183276 77 74 121
183379 33 93 119
183401 76 82 121
183504 45 100 119
183526 77 75 121
183629 45 95 119
183651 76 91 121
183754 33 105 119
183776 76 95 121
183879 33 95 119
183901 76 105 121
184004 45 98 119
184022 76 102 121
184129 45 102 123
184154 74 95 121
184254 33 100 116
184276 72 95 121
184379 29 95 119
184401 53 82 121
184504 41 89 119
184526 55 98 121
184629 41 91 119
184650 52 95 121
184754 29 93 120
184776 50 95 126
184882 29 93 119
184901 48 102 118
185004 41 91 119
185026 45 93 121
185129 41 95 119
185151 41 74 121
185255 29 89 119
185276 43 89 120
185379 29 91 119
185401 40 91 121
185505 41 91 119
185526 36 84 120
185630 41 95 121
185651 33 89 120
185755 29 91 119
185775 21 77 120
185880 47 107 120
185901 33 75 125
186008 48 119 119
186026 23 89 117
186130 53 109 119
186153 35 102 120
186257 57 111 119
186276 36 82 118
186380 55 119 119
186403 24 79 120
186504 91 121 119
186528 38 76 121
186630 79 93 119
186653 26 86 120
186755 67 113 119
186778 28 84 120
186880 36 102 119
186903 60 67 120
187005 48 111 119
187028 72 82 120
187133 60 109 119
187153 57 102 117
187257 62 111 119
187278 64 78 118
187380 50 113 119
187401 45 55 120
187507 38 117 119
187528 48 77 118
187631 31 93 119
187653 52 65 119
187757 43 95 119
187776 55 74 118
187882 57 115 119
187903 40 79 120
188007 55 115 119
188028 36 82 120
188130 57 102 119
188153 36 70 120
188257 55 105 119
188278 36 82 120
188382 57 107 119
188403 36 91 120
188507 55 105 119
188528 36 109 120
188632 48 102 117
188653 33 74 120
188756 59 98 119
188778 45 70 121
188882 55 100 119
188903 28 78 120
189007 48 78 117
189028 24 76 120
189131 59 82 119
189153 84 74 121
189255 55 78 119
189278 57 63 120
189382 43 105 119
189403 53 55 120
189507 43 107 119
189528 65 78 120
189630 47 119 117
189650 55 67 120
189757 48 123 120
189775 67 93 120
189882 60 115 122
189903 77 68 120
190007 65 95 117
190025 91 78 120
190132 64 98 120
190150 79 67 120
190257 60 98 120
190275 93 89 120
190380 71 95 122
190403 91 82 120
190507 64 100 117
190525 77 82 120
190632 60 84 120
190650 76 79 120
190757 76 73 120
190775 77 74 118
190882 65 74 120
190900 76 82 120
191007 69 84 120
191025 77 75 118
191129 62 22 120
191150 76 91 121
191254 62 53 120
191275 76 95 123
191382 62 68 120
191397 76 105 118
191504 52 59 123
191528 76 102 121
191629 53 71 117
191650 74 95 121
191754 57 78 120
191775 72 95 121
191903 60 75 122
191902 72 89 117
