0 76 79 100
250 45 64 250
500 52 64 250
750 71 64 250
1000 74 64 250
1250 45 64 250
1500 52 64 250
1750 71 64 250
2000 74 64 250
2250 45 64 250
2500 52 64 250
2750 71 64 250
3000 74 64 250
3250 45 64 250
3500 52 64 250
3750 71 64 250
4000 74 64 250
4250 45 64 250
4500 52 64 250
4750 71 64 250
5000 74 64 250
5250 45 64 250
5500 52 64 250
5750 71 64 250
6000 74 64 250
6250 45 64 250
6500 52 64 250
6750 71 64 250
7000 74 64 250
7250 45 64 250
7500 52 64 250
7750 71 64 250
8000 74 64 250
8000 45 64 250
8250 45 64 250
8250 52 64 250
8500 52 64 250
8500 71 64 250
8750 71 64 250
8750 74 64 250
9000 74 64 250
9000 45 64 250
9250 45 64 250
9250 52 64 250
9500 52 64 250
9500 71 64 250
9750 71 64 250
9750 74 64 250
10000 74 64 250
10000 45 64 250
10250 45 64 250
10250 52 64 250
10500 52 64 250
10500 71 64 250
10750 71 64 250
10750 74 64 250
11000 74 64 250
11000 45 64 250
11250 45 64 250
11250 52 64 250
11500 52 64 250
11500 71 64 250
11750 71 64 250
11750 74 64 250
12000 74 64 250
12000 45 64 250
12250 45 64 250
12250 52 64 250
12500 52 64 250
12500 71 64 250
12750 71 64 250
12750 74 64 250
13000 74 64 250
13000 45 64 250
13250 45 64 250
13250 52 64 250
13500 52 64 250
13500 71 64 250
13750 71 64 250
13750 74 64 250
14000 74 64 250
14000 45 64 250
14250 45 64 250
14250 52 64 250
14500 52 64 250
14500 71 64 250
14750 71 64 250
14750 74 64 250
15000 74 64 250
15000 45 64 250
15250 45 64 250
15250 52 64 250
15500 52 64 250
15500 71 64 250
15750 71 64 250
15750 74 64 250
16000 74 64 250
16000 72 64 250
16250 45 64 250
16250 69 64 250
16500 52 64 250
16500 50 64 250
16750 71 64 250
16750 43 64 250
17000 74 64 250
17000 72 64 250
17250 45 64 250
17250 69 64 250
17500 52 64 250
17500 50 64 250
17750 71 64 250
17750 43 64 250
18000 74 64 250
18000 72 64 250
18250 45 64 250
18250 69 64 250
18500 52 64 250
18500 50 64 250
18750 71 64 250
18750 43 64 250
19000 74 64 250
19000 72 64 250
19250 45 64 250
19250 69 64 250
19500 52 64 250
19500 50 64 250
19750 71 64 250
19750 43 64 250
20000 74 64 250
20000 72 64 250
20250 45 64 250
20250 69 64 250
20500 52 64 250
20500 50 64 250
20750 71 64 250
20750 43 64 250
21000 74 64 250
21000 72 64 250
21250 45 64 250
21250 69 64 250
21500 52 64 250
21500 50 64 250
21750 71 64 250
21750 43 64 250
22000 74 64 250
22000 72 64 250
22250 45 64 250
22250 69 64 250
22500 52 64 250
22500 50 64 250
22750 71 64 250
22750 43 64 250
23000 74 64 250
23000 72 64 250
23250 45 64 250
23250 69 64 250
23500 52 64 250
23500 50 64 250
23750 71 64 250
23750 43 64 250
24000 74 64 250
24000 72 64 250
24250 65 64 250
24250 69 64 250
24500 53 64 250
24500 50 64 250
24750 71 64 250
24750 43 64 250
25000 47 64 250
25000 72 64 250
25250 65 64 250
25250 69 64 250
25500 53 64 250
25500 50 64 250
25750 71 64 250
25750 43 64 250
26000 47 64 250
26000 72 64 250
26250 65 64 250
26250 69 64 250
26500 53 64 250
26500 50 64 250
26750 71 64 250
26750 43 64 250
27000 47 64 250
27000 72 64 250
27250 65 64 250
27250 69 64 250
27500 53 64 250
27500 50 64 250
27750 71 64 250
27750 43 64 250
28000 47 64 250
28000 72 64 250
28250 65 64 250
28250 69 64 250
28500 53 64 250
28500 50 64 250
28750 71 64 250
28750 43 64 250
29000 47 64 250
29000 72 64 250
29250 65 64 250
29250 69 64 250
29500 53 64 250
29500 50 64 250
29750 71 64 250
29750 43 64 250
30000 47 64 250
30000 72 64 250
30250 65 64 250
30250 69 64 250
30500 53 64 250
30500 50 64 250
30750 71 64 250
30750 43 64 250
31000 47 64 250
31000 72 64 250
31250 65 64 250
31250 69 64 250
31500 53 64 250
31500 50 64 250
31750 71 64 250
31750 43 64 250
32000 47 64 250
32125 65 64 250
32125 45 64 125
32250 52 64 125
32375 53 64 250
32375 64 64 125
32500 67 64 125
32625 71 64 250
32750 55 64 125
32875 47 64 250
32875 76 64 125
33000 45 64 125
33125 65 64 250
33125 45 64 125
33250 52 64 125
33375 53 64 250
33375 64 64 125
33500 67 64 125
33625 71 64 250
33750 55 64 125
33875 47 64 250
33875 76 64 125
34000 45 64 125
34125 65 64 250
34125 45 64 125
34250 52 64 125
34375 53 64 250
34375 64 64 125
34500 67 64 125
34625 71 64 250
34750 55 64 125
34875 47 64 250
34875 76 64 125
35000 45 64 125
35125 65 64 250
35125 45 64 125
35250 52 64 125
35375 53 64 250
35375 64 64 125
35500 67 64 125
35625 71 64 250
35750 55 64 125
35875 47 64 250
35875 76 64 125
36000 45 64 125
36125 65 64 250
36125 45 64 125
36250 52 64 125
36375 53 64 250
36375 64 64 125
36500 67 64 125
36625 71 64 250
36750 55 64 125
36875 47 64 250
36875 76 64 125
37000 45 64 125
37125 65 64 250
37125 45 64 125
37250 52 64 125
37375 53 64 250
37375 64 64 125
37500 67 64 125
37625 71 64 250
37750 55 64 125
37875 47 64 250
37875 76 64 125
38000 45 64 125
38125 65 64 250
38125 45 64 125
38250 52 64 125
38375 53 64 250
38375 64 64 125
38500 67 64 125
38625 71 64 250
38750 55 64 125
38875 47 64 250
38875 76 64 125
39000 45 64 125
39125 65 64 250
39125 45 64 125
39250 52 64 125
39375 53 64 250
39375 64 64 125
39500 67 64 125
39625 71 64 250
39750 55 64 125
39875 47 64 250
39875 76 64 125
40000 45 64 125
40125 72 64 500
40125 45 64 125
40375 52 64 125
40375 64 64 125
40500 67 64 125
40625 48 64 500
40875 55 64 125
40875 76 64 125
41000 45 64 125
41125 72 64 500
41125 45 64 125
41375 52 64 125
41375 64 64 125
41500 67 64 125
41625 48 64 500
41875 55 64 125
41875 76 64 125
42000 45 64 125
42125 72 64 500
42125 45 64 125
42375 52 64 125
42375 64 64 125
42500 67 64 125
42625 48 64 500
42875 55 64 125
42875 76 64 125
43000 45 64 125
43125 72 64 500
43125 45 64 125
43375 52 64 125
43375 64 64 125
43500 67 64 125
43625 48 64 500
43875 55 64 125
43875 76 64 125
44000 45 64 125
44125 72 64 500
44125 45 64 125
44375 52 64 125
44375 64 64 125
44500 67 64 125
44625 48 64 500
44875 55 64 125
44875 76 64 125
45000 45 64 125
45125 72 64 500
45125 45 64 125
45375 52 64 125
45375 64 64 125
45500 67 64 125
45625 48 64 500
45875 55 64 125
45875 76 64 125
46000 45 64 125
46125 72 64 500
46125 45 64 125
46375 52 64 125
46375 64 64 125
46500 67 64 125
46625 48 64 500
46875 55 64 125
46875 76 64 125
47000 45 64 125
47125 72 64 500
47125 45 64 125
47375 52 64 125
47375 64 64 125
47500 67 64 125
47625 48 64 500
47875 55 64 125
47875 76 64 125
48000 45 64 125
48125 72 64 500
48250 50 64 500
48375 76 64 125
48500 64 64 125
48625 48 64 500
48625 67 64 125
49000 43 64 125
49125 72 64 500
49250 50 64 500
49375 76 64 125
49500 64 64 125
49625 48 64 500
49625 67 64 125
50000 43 64 125
50125 72 64 500
50250 50 64 500
50375 76 64 125
50500 64 64 125
50625 48 64 500
50625 67 64 125
51000 43 64 125
51125 72 64 500
51250 50 64 500
51375 76 64 125
51500 64 64 125
51625 48 64 500
51625 67 64 125
52000 43 64 125
52125 72 64 500
52250 50 64 500
52375 76 64 125
52500 64 64 125
52625 48 64 500
52625 67 64 125
53000 43 64 125
53125 72 64 500
53250 50 64 500
53375 76 64 125
53500 64 64 125
53625 48 64 500
53625 67 64 125
54000 43 64 125
54125 72 64 500
54250 50 64 500
54375 76 64 125
54500 64 64 125
54625 48 64 500
54625 67 64 125
55000 43 64 125
55125 72 64 500
55250 50 64 500
55375 76 64 125
55500 64 64 125
55625 48 64 500
55625 67 64 125
56000 43 64 125
56125 72 64 1000
56250 50 64 500
56250 76 64 125
56375 50 64 125
56375 64 64 125
56375 48 64 125
56625 52 64 125
56625 67 64 125
56750 43 64 125
56875 55 64 125
57000 47 64 125
57125 72 64 1000
57250 50 64 500
57250 76 64 125
57375 50 64 125
57375 64 64 125
57375 48 64 125
57625 52 64 125
57625 67 64 125
57750 43 64 125
57875 55 64 125
58000 47 64 125
58125 72 64 1000
58250 50 64 500
58250 76 64 125
58375 50 64 125
58375 64 64 125
58375 48 64 125
58625 52 64 125
58625 67 64 125
58750 43 64 125
58875 55 64 125
59000 47 64 125
59125 72 64 1000
59250 50 64 500
59250 76 64 125
59375 50 64 125
59375 64 64 125
59375 48 64 125
59625 52 64 125
59625 67 64 125
59750 43 64 125
59875 55 64 125
60000 47 64 125
60125 72 64 1000
60250 50 64 500
60250 76 64 125
60375 50 64 125
60375 64 64 125
60375 48 64 125
60625 52 64 125
60625 67 64 125
60750 43 64 125
60875 55 64 125
61000 47 64 125
61125 72 64 1000
61250 50 64 500
61250 76 64 125
61375 50 64 125
61375 64 64 125
61375 48 64 125
61625 52 64 125
61625 67 64 125
61750 43 64 125
61875 55 64 125
62000 47 64 125
62125 72 64 1000
62250 50 64 500
62250 76 64 125
62375 50 64 125
62375 64 64 125
62375 48 64 125
62625 52 64 125
62625 67 64 125
62750 43 64 125
62875 55 64 125
63000 47 64 125
63125 72 64 1000
63250 50 64 500
63250 76 64 125
63375 50 64 125
63375 64 64 125
63375 48 64 125
63625 52 64 125
63625 67 64 125
63750 43 64 125
63875 55 64 125
64000 47 64 125
64000 76 64 83
64083 72 64 1000
64165 74 64 82
64250 71 64 85
64375 50 64 125
64375 48 64 125
64500 52 64 125
64500 50 64 500
64750 59 64 500
64750 65 64 83
64833 55 64 125
64875 69 64 82
64915 47 64 125
65000 74 64 85
65000 76 64 83
65083 72 64 1000
65165 74 64 82
65250 71 64 85
65375 50 64 125
65375 48 64 125
65500 52 64 125
65500 50 64 500
65750 59 64 500
65750 64 64 83
65833 55 64 125
65875 69 64 82
65915 47 64 125
66000 74 64 85
66000 76 64 83
66083 72 64 1000
66165 74 64 82
66250 71 64 85
66375 50 64 125
66375 48 64 125
66500 52 64 125
66500 50 64 500
66750 59 64 500
66750 65 64 83
66833 55 64 125
66875 69 64 82
66915 47 64 125
67000 74 64 85
67000 76 64 83
67083 72 64 1000
67165 74 64 82
67250 71 64 85
67375 50 64 125
67375 48 64 125
67500 52 64 125
67500 50 64 500
67750 59 64 500
67750 64 64 83
67833 55 64 125
67875 69 64 82
67915 47 64 125
68000 74 64 85
68000 76 64 83
68083 72 64 1000
68165 74 64 82
68250 71 64 85
68375 50 64 125
68375 48 64 125
68500 52 64 125
68500 50 64 500
68750 59 64 500
68750 65 64 83
68833 55 64 125
68875 69 64 82
68915 47 64 125
69000 74 64 85
69000 76 64 83
69083 72 64 1000
69165 74 64 82
69250 71 64 85
69375 50 64 125
69375 48 64 125
69500 52 64 125
69500 50 64 500
69750 59 64 500
69750 64 64 83
69833 55 64 125
69875 69 64 82
69915 47 64 125
70000 74 64 85
70000 76 64 83
70083 72 64 1000
70165 74 64 82
70250 71 64 85
70375 50 64 125
70375 48 64 125
70500 52 64 125
70500 50 64 500
70750 59 64 500
70750 65 64 83
70833 55 64 125
70875 69 64 82
70915 47 64 125
71000 74 64 85
71000 76 64 83
71083 72 64 1000
71165 74 64 82
71250 71 64 85
71375 50 64 125
71375 48 64 125
71500 52 64 125
71500 50 64 500
71750 59 64 500
71750 64 64 83
71833 55 64 125
71875 69 64 82
71915 47 64 125
72000 74 64 85
72000 76 64 83
72083 48 64 125
72125 74 64 82
72165 45 64 125
72250 71 64 85
72375 53 64 125
72500 52 64 125
72500 50 64 500
72500 59 64 500
72500 69 64 125
72750 76 64 125
72750 65 64 83
72833 67 64 125
72875 69 64 82
72915 77 64 125
73000 74 64 85
73000 76 64 83
73083 48 64 125
73125 74 64 82
73165 45 64 125
73250 71 64 85
73375 53 64 125
73500 52 64 125
73500 50 64 500
73500 59 64 500
73500 69 64 125
73750 76 64 125
73750 64 64 83
73833 67 64 125
73875 69 64 82
73915 77 64 125
74000 74 64 85
74000 76 64 83
74083 48 64 125
74125 74 64 82
74165 45 64 125
74250 71 64 85
74375 53 64 125
74500 52 64 125
74500 50 64 500
74500 59 64 500
74500 69 64 125
74750 76 64 125
74750 65 64 83
74833 67 64 125
74875 69 64 82
74915 77 64 125
75000 74 64 85
75000 76 64 83
75083 48 64 125
75125 74 64 82
75165 45 64 125
75250 71 64 85
75375 53 64 125
75500 52 64 125
75500 50 64 500
75500 59 64 500
75500 69 64 125
75750 76 64 125
75750 64 64 83
75833 67 64 125
75875 69 64 82
75915 77 64 125
76000 74 64 85
76000 76 64 83
76083 48 64 125
76125 74 64 82
76165 45 64 125
76250 71 64 85
76375 53 64 125
76500 52 64 125
76500 50 64 500
76500 59 64 500
76500 69 64 125
76750 76 64 125
76750 65 64 83
76833 67 64 125
76875 69 64 82
76915 77 64 125
77000 74 64 85
77000 76 64 83
77083 48 64 125
77125 74 64 82
77165 45 64 125
77250 71 64 85
77375 53 64 125
77500 52 64 125
77500 50 64 500
77500 59 64 500
77500 69 64 125
77750 76 64 125
77750 64 64 83
77833 67 64 125
77875 69 64 82
77915 77 64 125
78000 74 64 85
78000 76 64 83
78083 48 64 125
78125 74 64 82
78165 45 64 125
78250 71 64 85
78375 53 64 125
78500 52 64 125
78500 50 64 500
78500 59 64 500
78500 69 64 125
78750 76 64 125
78750 65 64 83
78833 67 64 125
78875 69 64 82
78915 77 64 125
79000 74 64 85
79000 76 64 83
79083 48 64 125
79125 74 64 82
79165 45 64 125
79250 71 64 85
79375 53 64 125
79500 52 64 125
79500 50 64 500
79500 59 64 500
79500 69 64 125
79750 76 64 125
79750 64 64 83
79833 67 64 125
79875 69 64 82
79915 77 64 125
80000 74 64 85
80000 76 64 1000
80125 48 64 125
80250 45 64 125
80375 53 64 125
80500 52 64 125
80500 71 64 500
80500 69 64 125
80750 76 64 125
80750 65 64 250
80875 67 64 125
80875 59 64 125
81000 77 64 125
81000 76 64 750
81125 48 64 125
81250 45 64 125
81375 53 64 125
81500 52 64 125
81500 71 64 500
81500 69 64 125
81750 76 64 125
81750 65 64 250
81750 76 64 250
81875 67 64 125
81875 59 64 125
82000 77 64 125
82000 76 64 1000
82125 48 64 125
82250 45 64 125
82375 53 64 125
82500 52 64 125
82500 71 64 500
82500 69 64 125
82750 76 64 125
82750 65 64 250
82875 67 64 125
82875 59 64 125
83000 77 64 125
83000 76 64 750
83125 48 64 125
83250 45 64 125
83375 53 64 125
83500 52 64 125
83500 71 64 500
83500 69 64 125
83750 76 64 125
83750 65 64 250
83750 76 64 250
83875 67 64 125
83875 59 64 125
84000 77 64 125
84000 76 64 1000
84125 48 64 125
84250 45 64 125
84375 53 64 125
84500 52 64 125
84500 71 64 500
84500 69 64 125
84750 76 64 125
84750 65 64 250
84875 67 64 125
84875 59 64 125
85000 77 64 125
85000 76 64 750
85125 48 64 125
85250 45 64 125
85375 53 64 125
85500 52 64 125
85500 71 64 500
85500 69 64 125
85750 76 64 125
85750 65 64 250
85750 76 64 250
85875 67 64 125
85875 59 64 125
86000 77 64 125
86000 76 64 1000
86125 48 64 125
86250 45 64 125
86375 53 64 125
86500 52 64 125
86500 71 64 500
86500 69 64 125
86750 76 64 125
86750 65 64 250
86875 67 64 125
86875 59 64 125
87000 77 64 125
87000 76 64 750
87125 48 64 125
87250 45 64 125
87375 53 64 125
87500 52 64 125
87500 71 64 500
87500 69 64 125
87750 76 64 125
87750 65 64 250
87750 76 64 250
87875 67 64 125
87875 59 64 125
88000 77 64 125
88000 76 64 1000
88125 52 64 125
88250 53 64 125
88375 52 64 125
88500 48 64 375
88750 71 64 500
88875 65 64 250
89000 59 64 125
89125 76 64 750
89250 55 64 125
89500 57 64 250
89500 71 64 500
89750 55 64 250
89750 65 64 250
89750 76 64 250
89875 52 64 2250
90000 59 64 125
90250 76 64 1000
90500 64 64 250
90500 71 64 500
90750 65 64 250
90750 65 64 250
90875 64 64 250
91000 59 64 125
91000 76 64 750
91250 60 64 250
91250 69 64 250
91500 72 64 250
91500 71 64 500
91500 71 64 2500
91750 74 64 2500
91750 65 64 250
91875 76 64 250
92000 59 64 125
92000 76 64 1000
92125 52 64 125
92250 53 64 125
92375 52 64 125
92500 48 64 375
92750 71 64 500
92875 65 64 250
93000 59 64 125
93125 76 64 750
93250 55 64 125
93500 57 64 250
93500 71 64 500
93750 55 64 250
93750 65 64 250
93750 76 64 250
93875 52 64 2250
94000 59 64 125
94250 76 64 1000
94500 64 64 250
94500 71 64 500
94750 65 64 250
94750 65 64 250
94875 64 64 250
95000 59 64 125
95000 76 64 750
95250 60 64 250
95250 69 64 250
95500 72 64 250
95500 71 64 500
95500 71 64 2500
95750 74 64 2500
95750 65 64 250
95875 76 64 250
96000 59 64 125
96000 77 64 500
96125 52 64 125
96250 53 64 125
96375 52 64 125
96500 48 64 375
97000 67 64 500
97125 64 64 500
97250 55 64 125
97500 57 64 250
97500 45 64 1000
97500 48 64 1000
97750 55 64 250
98250 52 64 2250
98500 64 64 250
98500 76 64 500
98750 65 64 250
99000 64 64 250
99000 67 64 500
99250 60 64 250
99250 69 64 250
99500 72 64 250
99500 64 64 500
99500 71 64 2500
100000 74 64 2500
100000 45 64 1000
100000 48 64 1000
100125 52 64 125
100250 53 64 125
100375 52 64 125
101000 48 64 375
101125 79 64 500
101250 55 64 125
101500 57 64 250
101500 67 64 500
101750 55 64 250
102000 52 64 2250
102250 64 64 500
102500 64 64 250
102500 45 64 1000
102500 48 64 1000
102750 65 64 250
103000 64 64 250
103250 60 64 250
103250 69 64 250
103500 72 64 250
103500 76 64 500
103500 71 64 2500
104000 74 64 2500
104500 67 64 500
105000 64 64 500
105000 45 64 1000
104999 48 64 1000
