0 48 64 1000
125 74 64 125
375 67 64 125
500 69 64 125
625 55 64 125
875 50 64 125
1000 41 64 125
1250 70 64 250
1375 48 64 125
1500 62 64 125
2000 43 64 500
2125 74 64 125
2375 67 64 125
2500 69 64 125
2625 55 64 125
2875 50 64 125
3000 41 64 125
3250 70 64 250
3375 48 64 125
3500 62 64 125
4000 43 64 500
4125 74 64 125
4375 67 64 125
4500 69 64 125
4625 55 64 125
4875 50 64 125
5000 41 64 125
5250 70 64 250
5375 48 64 125
5500 62 64 125
6000 43 64 500
6125 74 64 125
6375 67 64 125
6500 69 64 125
6625 55 64 125
6875 50 64 125
7000 41 64 125
7250 70 64 250
7375 48 64 125
7500 62 64 125
8000 43 64 500
8000 72 64 1000
8125 74 64 125
8375 67 64 125
8500 69 64 125
8500 46 64 1000
8625 55 64 125
8875 50 64 125
9000 41 64 125
9250 70 64 250
9375 48 64 125
9500 62 64 125
9500 74 64 1000
10000 43 64 500
10000 48 64 1000
10125 74 64 125
10375 67 64 125
10500 69 64 125
10500 70 64 1000
10625 55 64 125
10875 50 64 125
11000 41 64 125
11250 70 64 250
11375 48 64 125
11500 62 64 125
11500 50 64 1000
12000 43 64 500
12125 74 64 125
12375 67 64 125
12500 69 64 125
12500 55 64 500
12625 55 64 125
12750 50 64 125
12875 70 64 250
13000 41 64 125
13000 70 64 250
13000 51 64 500
13250 70 64 250
13250 72 64 250
13375 48 64 125
13500 62 64 125
13500 72 64 250
13500 48 64 500
13750 43 64 500
14000 72 64 250
14125 74 64 125
14125 75 64 125
14250 67 64 125
14375 75 64 250
14500 69 64 125
14500 67 64 125
14625 55 64 125
14625 67 64 125
14875 50 64 125
14875 48 64 125
15000 41 64 125
15250 70 64 250
15375 48 64 125
15500 62 64 125
15500 74 64 250
15750 43 64 500
16000 74 64 250
16000 72 64 250
16125 74 64 125
16375 67 64 125
16375 72 64 250
16500 69 64 125
16625 55 64 125
16750 50 64 125
16875 72 64 250
17000 41 64 125
17250 70 64 250
17375 48 64 125
17500 62 64 125
17500 55 64 165
17665 43 64 500
17833 51 64 168
18000 48 64 167
18125 74 64 125
18250 67 64 125
18375 69 64 125
18375 62 64 125
18500 69 64 125
18625 55 64 125
18625 63 64 125
18875 50 64 125
19000 41 64 125
19000 55 64 250
19250 70 64 250
19250 55 64 125
19375 48 64 125
19375 55 64 125
19500 62 64 125
19500 70 64 250
19750 43 64 500
19875 55 64 250
20000 70 64 125
20000 72 64 250
20000 55 64 125
20125 74 64 125
20250 67 64 125
20375 69 64 125
20375 62 64 125
20500 69 64 125
20625 55 64 125
20625 63 64 125
20875 50 64 125
21000 41 64 125
21000 55 64 250
21250 70 64 250
21250 55 64 125
21375 48 64 125
21375 55 64 125
21500 62 64 125
21500 70 64 250
21750 43 64 500
21875 55 64 250
22000 70 64 125
22000 72 64 250
22000 55 64 125
22125 74 64 125
22250 67 64 125
22375 69 64 125
22375 62 64 125
22500 69 64 125
22625 55 64 125
22625 63 64 125
22875 50 64 125
23000 41 64 125
23000 55 64 250
23250 70 64 250
23250 55 64 125
23375 48 64 125
23375 55 64 125
23500 62 64 125
23500 70 64 250
23750 43 64 500
23875 55 64 250
24000 70 64 125
24000 72 64 250
24000 55 64 125
24125 74 64 125
24250 67 64 125
24375 69 64 125
24375 62 64 125
24500 69 64 125
24625 55 64 125
24625 63 64 125
24875 50 64 125
25000 41 64 125
25000 55 64 250
25250 70 64 250
25250 55 64 125
25375 48 64 125
25375 55 64 125
25500 62 64 125
25500 70 64 250
25750 43 64 500
25875 55 64 250
26000 70 64 125
26000 72 64 250
26250 55 64 125
26375 69 64 125
26625 62 64 125
27000 63 64 125
27250 55 64 250
27375 55 64 125
27500 55 64 125
27750 70 64 250
27875 55 64 250
28000 70 64 125
28000 72 64 250
28250 55 64 125
28375 69 64 125
28625 62 64 125
29000 63 64 125
29250 55 64 250
29375 55 64 125
29500 55 64 125
29750 70 64 250
29875 55 64 250
30000 70 64 125
30000 72 64 250
30250 55 64 125
30375 69 64 125
30625 62 64 125
30625 63 64 125
31000 75 64 375
31000 55 64 250
31250 45 64 125
31250 55 64 125
31375 46 64 125
31500 55 64 125
31625 70 64 250
31750 67 64 125
31750 55 64 250
31875 67 64 125
31875 70 64 125
32000 67 64 125
32000 72 64 250
32000 55 64 125
32250 39 64 500
32375 69 64 125
32500 62 64 125
32625 38 64 500
32625 63 64 125
33000 75 64 375
33000 55 64 250
33250 48 64 250
33250 55 64 125
33375 48 64 250
33500 55 64 125
33500 70 64 250
33625 51 64 250
33750 67 64 125
33750 55 64 250
33875 67 64 125
33875 70 64 125
33875 67 64 125
34000 51 64 250
34000 72 64 250
34125 55 64 125
34250 51 64 125
34250 69 64 125
34375 50 64 250
34625 62 64 125
34625 63 64 125
35000 75 64 375
35000 55 64 250
35250 43 64 1000
35375 55 64 125
35500 55 64 125
35625 70 64 250
35750 67 64 125
35750 55 64 250
35875 67 64 125
35875 70 64 125
36000 67 64 125
36000 72 64 250
36000 55 64 125
36250 55 64 250
36250 69 64 125
36375 55 64 250
36625 62 64 125
36625 63 64 125
36625 75 64 375
36875 55 64 250
37000 55 64 250
37250 55 64 250
37250 55 64 125
37375 55 64 250
37500 55 64 125
37500 70 64 250
37625 55 64 250
37750 67 64 125
37750 55 64 250
37875 67 64 125
37875 70 64 125
38000 67 64 125
38000 72 64 250
38000 55 64 125
38000 74 64 1000
38250 46 64 250
38250 69 64 125
38375 46 64 250
38625 62 64 125
38625 63 64 125
38875 46 64 250
39000 46 64 250
39000 55 64 250
39250 75 64 1000
39250 55 64 125
39375 46 64 250
39500 55 64 125
39500 70 64 250
39750 46 64 250
39875 55 64 250
40000 70 64 125
40000 72 64 250
40000 55 64 125
40000 74 64 1000
40250 46 64 250
40250 69 64 125
40375 46 64 250
40625 62 64 125
40625 63 64 125
40875 46 64 250
41000 46 64 250
41000 55 64 250
41250 75 64 1000
41250 55 64 125
41375 46 64 250
41500 55 64 125
41500 70 64 250
41750 46 64 250
41875 55 64 250
42000 70 64 125
42000 38 64 250
42000 74 64 1000
42250 57 64 2000
42500 38 64 250
42665 43 64 165
42833 43 64 168
43000 43 64 167
43250 81 64 250
43500 81 64 250
43625 79 64 125
43875 79 64 125
43875 70 64 125
44000 77 64 125
44000 70 64 125
44125 41 64 250
44250 70 64 125
44250 70 64 125
44500 40 64 250
44625 70 64 125
44625 70 64 125
44750 43 64 125
44750 70 64 125
44875 46 64 125
44875 70 64 125
45000 38 64 125
45125 34 64 125
45125 70 64 125
45250 31 64 125
45250 70 64 125
45375 28 64 125
45375 70 64 125
45500 31 64 125
45750 70 64 125
45875 70 64 125
46000 70 64 125
46000 70 64 125
46125 55 64 250
46250 70 64 125
46250 72 64 250
46500 50 64 250
46625 70 64 125
46750 70 64 125
46875 70 64 125
47000 70 64 125
47000 72 64 250
47125 50 64 125
47125 70 64 125
47250 50 64 125
47375 70 64 125
47375 70 64 125
47500 50 64 125
47500 70 64 125
47750 55 64 1000
47750 70 64 125
47875 72 64 250
48000 70 64 125
48125 70 64 125
48500 70 64 125
49000 74 64 250
49000 70 64 500
49000 74 64 125
49125 43 64 500
49250 74 64 125
49625 74 64 125
49750 74 64 125
49875 74 64 125
50250 74 64 125
50375 74 64 125
50500 74 64 125
50875 74 64 125
51000 74 64 125
51125 74 64 125
51124 74 64 125
