0 74 64 125
0 71 64 500
500 50 64 500
750 50 64 250
1000 71 64 250
1125 50 64 125
1250 71 64 125
1375 71 64 125
1625 50 64 125
1625 71 64 250
1875 50 64 250
1875 71 64 625
2500 50 64 625
2750 50 64 250
3000 71 64 250
3125 50 64 125
3250 71 64 125
3375 71 64 125
3625 50 64 125
3625 71 64 250
3875 50 64 250
3875 71 64 625
4500 50 64 625
4750 50 64 250
5000 71 64 250
5125 50 64 125
5250 71 64 125
5375 71 64 125
5625 50 64 125
5625 71 64 250
5875 50 64 250
5875 71 64 625
6500 50 64 625
6500 67 64 625
6500 53 64 625
6750 50 64 250
7000 71 64 250
7125 50 64 125
7125 67 64 250
7125 53 64 250
7250 71 64 125
7375 71 64 125
7500 50 64 125
7625 67 64 125
7625 53 64 125
7625 71 64 250
7750 50 64 250
7875 53 64 125
7875 67 64 125
7875 71 64 625
8000 50 64 625
8250 53 64 250
8500 67 64 250
8500 67 64 625
8500 53 64 625
8750 50 64 250
9000 71 64 250
9125 50 64 125
9125 67 64 250
9125 53 64 250
9250 71 64 125
9375 71 64 125
9500 50 64 125
9625 67 64 125
9625 53 64 125
9625 71 64 250
9750 50 64 250
9875 53 64 125
9875 67 64 125
9875 71 64 625
10000 50 64 625
10250 53 64 250
10500 67 64 250
10500 67 64 625
10500 53 64 625
10750 50 64 250
11000 71 64 250
11125 50 64 125
11125 67 64 250
11125 53 64 250
11250 71 64 125
11375 71 64 125
11500 50 64 125
11625 67 64 125
11625 53 64 125
11625 71 64 250
11750 50 64 250
11875 53 64 125
11875 67 64 125
11875 71 64 625
12000 50 64 625
12250 53 64 250
12500 67 64 250
12500 67 64 625
12500 53 64 625
12750 50 64 250
13000 71 64 250
13125 50 64 125
13125 67 64 250
13125 53 64 250
13250 71 64 125
13375 71 64 125
13500 50 64 125
13625 67 64 125
13625 53 64 125
13625 71 64 250
13750 50 64 250
13875 53 64 125
13875 67 64 125
13875 71 64 625
14000 50 64 625
14250 53 64 250
14500 67 64 250
14500 67 64 625
14500 53 64 625
14750 50 64 250
15000 71 64 250
15125 50 64 125
15125 67 64 250
15125 53 64 250
15250 71 64 125
15375 71 64 125
15500 50 64 125
15625 67 64 125
15625 53 64 125
15625 71 64 250
15750 50 64 250
15875 53 64 125
15875 67 64 125
15875 71 64 125
16000 50 64 125
16000 53 64 250
16125 70 64 125
16250 48 64 125
16250 67 64 250
16500 48 64 125
16500 67 64 625
16625 53 64 625
16625 70 64 375
17000 50 64 375
17125 70 64 250
17125 67 64 250
17125 53 64 250
17500 50 64 250
17500 67 64 125
17625 50 64 125
17625 53 64 125
17750 70 64 125
17750 53 64 125
17875 70 64 125
17875 67 64 125
18000 50 64 125
18000 53 64 250
18125 70 64 125
18250 48 64 125
18250 67 64 250
18500 48 64 125
18500 67 64 625
18625 53 64 625
18625 70 64 375
19000 50 64 375
19125 70 64 250
19125 67 64 250
19125 53 64 250
19500 50 64 250
19500 67 64 125
19625 50 64 125
19625 53 64 125
19750 70 64 125
19750 53 64 125
19875 70 64 125
19875 67 64 125
20000 50 64 125
20000 53 64 250
20125 70 64 125
20250 48 64 125
20250 67 64 250
20500 48 64 125
20500 67 64 625
20625 53 64 625
20625 70 64 375
21000 50 64 375
21125 70 64 250
21125 67 64 250
21125 53 64 250
21500 50 64 250
21500 67 64 125
21625 50 64 125
21625 53 64 125
21750 70 64 125
21750 53 64 125
21875 70 64 125
21875 67 64 125
22000 50 64 125
22000 56 64 500
22125 70 64 125
22125 72 64 375
22250 48 64 125
22500 48 64 125
22625 48 64 250
22625 70 64 375
22750 50 64 375
22750 68 64 125
22875 72 64 125
22875 80 64 125
23000 48 64 125
23000 56 64 125
23125 70 64 250
23125 72 64 125
23125 45 64 125
23250 50 64 250
23375 80 64 125
23375 72 64 125
23500 56 64 125
23500 48 64 250
23625 50 64 125
23625 68 64 125
23750 70 64 125
23750 48 64 125
23875 70 64 125
23875 48 64 125
24000 50 64 125
24000 56 64 500
24125 70 64 125
24125 72 64 375
24250 48 64 125
24500 48 64 125
24625 48 64 250
24625 70 64 375
24750 50 64 375
24750 68 64 125
24875 72 64 125
24875 80 64 125
25000 48 64 125
25000 56 64 125
25125 70 64 250
25125 72 64 125
25125 45 64 125
25250 50 64 250
25375 80 64 125
25375 72 64 125
25500 56 64 125
25500 48 64 250
25625 50 64 125
25625 68 64 125
25750 70 64 125
25750 48 64 125
25875 70 64 125
25875 48 64 125
26000 50 64 125
26000 56 64 500
26125 70 64 125
26125 72 64 375
26250 48 64 125
26500 48 64 125
26625 48 64 250
26625 70 64 375
26750 50 64 375
26750 68 64 125
26875 72 64 125
26875 80 64 125
27000 48 64 125
27000 56 64 125
27125 70 64 250
27125 72 64 125
27125 45 64 125
27250 50 64 250
27375 80 64 125
27375 72 64 125
27500 56 64 125
27500 48 64 250
27625 50 64 125
27625 68 64 125
27750 70 64 125
27750 48 64 125
27875 70 64 125
27875 48 64 125
28000 50 64 125
28000 56 64 500
28125 70 64 125
28125 72 64 375
28250 48 64 125
28500 48 64 125
28625 48 64 250
28625 70 64 375
28750 50 64 375
28750 68 64 125
28875 72 64 125
28875 80 64 125
29000 48 64 125
29000 56 64 125
29125 70 64 250
29125 72 64 125
29125 45 64 125
29250 50 64 250
29375 80 64 125
29375 72 64 125
29500 56 64 125
29500 48 64 250
29625 50 64 125
29625 68 64 125
29750 70 64 125
29750 48 64 125
29875 70 64 125
29875 48 64 125
30000 50 64 125
30000 56 64 500
30125 70 64 125
30125 72 64 375
30250 48 64 125
30500 48 64 125
30625 48 64 250
30625 70 64 375
30750 50 64 375
30750 68 64 125
30875 72 64 125
30875 80 64 125
31000 48 64 125
31000 56 64 125
31125 70 64 250
31125 72 64 125
31125 45 64 125
31250 50 64 250
31375 80 64 125
31375 72 64 125
31500 56 64 125
31500 48 64 250
31625 50 64 125
31625 68 64 125
31750 70 64 125
31750 48 64 125
31875 70 64 125
31875 48 64 125
32000 50 64 125
32000 56 64 500
32125 78 64 250
32250 72 64 375
32500 52 64 875
32500 48 64 250
32625 66 64 125
32750 66 64 125
32750 68 64 125
32875 72 64 125
32875 80 64 125
32875 48 64 125
33000 66 64 125
33125 56 64 125
33125 72 64 125
33250 45 64 125
33250 80 64 125
33375 52 64 125
33375 72 64 125
33375 56 64 125
33500 40 64 125
33500 48 64 250
33500 78 64 250
33625 40 64 125
33625 68 64 125
33750 52 64 250
33750 48 64 125
33875 78 64 250
33875 48 64 125
34000 40 64 125
34000 56 64 500
34125 78 64 250
34250 72 64 375
34500 52 64 875
34500 48 64 250
34625 66 64 125
34750 66 64 125
34750 68 64 125
34875 72 64 125
34875 80 64 125
34875 48 64 125
35000 66 64 125
35125 56 64 125
35125 72 64 125
35250 45 64 125
35250 80 64 125
35375 52 64 125
35375 72 64 125
35375 56 64 125
35500 40 64 125
35500 48 64 250
35500 78 64 250
35625 40 64 125
35625 68 64 125
35750 52 64 250
35750 48 64 125
35875 78 64 250
35875 48 64 125
36000 40 64 125
36000 56 64 500
36125 78 64 250
36250 72 64 375
36500 52 64 875
36500 48 64 250
36625 66 64 125
36750 66 64 125
36750 68 64 125
36875 72 64 125
36875 80 64 125
36875 48 64 125
37000 66 64 125
37125 56 64 125
37125 72 64 125
37250 45 64 125
37250 80 64 125
37375 52 64 125
37375 72 64 125
37375 56 64 125
37500 40 64 125
37500 48 64 250
37500 78 64 250
37625 40 64 125
37625 68 64 125
37750 52 64 250
37750 48 64 125
37875 78 64 250
37875 48 64 125
38000 40 64 125
38000 50 64 250
38250 78 64 250
38250 67 64 250
38500 52 64 875
38500 62 64 250
38625 66 64 125
38750 66 64 125
38875 79 64 125
39000 66 64 125
39125 67 64 250
39250 50 64 250
39250 79 64 250
39375 52 64 125
39500 40 64 125
39500 78 64 250
39625 40 64 125
39625 67 64 125
39625 62 64 250
39750 52 64 250
39875 78 64 250
39875 67 64 125
40000 40 64 125
40000 50 64 250
40250 78 64 250
40250 67 64 250
40500 52 64 875
40500 62 64 250
40625 66 64 125
40750 66 64 125
40875 79 64 125
41000 66 64 125
41125 67 64 250
41250 50 64 250
41250 79 64 250
41375 52 64 125
41500 40 64 125
41500 78 64 250
41625 40 64 125
41625 67 64 125
41625 62 64 250
41750 52 64 250
41875 78 64 250
41875 67 64 125
42000 40 64 125
42000 50 64 250
42250 78 64 250
42250 67 64 250
42500 52 64 875
42500 62 64 250
42625 66 64 125
42750 66 64 125
42875 79 64 125
43000 66 64 125
43125 67 64 250
43250 50 64 250
43250 79 64 250
43375 52 64 125
43500 40 64 125
43500 78 64 250
43625 40 64 125
43625 67 64 125
43625 62 64 250
43750 52 64 250
43875 78 64 250
43875 67 64 125
44000 40 64 125
44000 50 64 250
44250 78 64 250
44250 67 64 250
44500 52 64 875
44500 62 64 250
44625 66 64 125
44750 66 64 125
44875 79 64 125
45000 66 64 125
45125 67 64 250
45250 50 64 250
45250 79 64 250
45375 52 64 125
45500 40 64 125
45500 78 64 250
45625 40 64 125
45625 67 64 125
45625 62 64 250
45750 52 64 250
45875 78 64 250
45875 67 64 125
46000 40 64 125
46000 50 64 250
46250 71 64 375
46375 67 64 250
46500 53 64 125
46500 62 64 250
46625 53 64 125
46750 53 64 125
46750 79 64 125
46875 71 64 375
47000 53 64 125
47125 67 64 250
47125 50 64 250
47250 41 64 375
47500 79 64 250
47500 71 64 375
47625 53 64 500
47625 67 64 125
47875 62 64 250
48000 67 64 125
48250 50 64 250
48250 67 64 250
48375 71 64 375
48500 53 64 125
48500 62 64 250
48625 53 64 125
48750 53 64 125
48875 79 64 125
49000 53 64 125
49000 67 64 250
49125 71 64 375
49125 50 64 250
49250 41 64 375
49500 79 64 250
49625 53 64 500
49625 67 64 125
49750 62 64 250
49875 71 64 375
50000 67 64 125
50250 50 64 250
50375 67 64 250
50500 53 64 125
50500 62 64 250
50500 71 64 375
50625 53 64 125
50750 53 64 125
50875 79 64 125
51000 53 64 125
51125 67 64 250
51125 50 64 250
51250 41 64 375
51250 79 64 250
51500 71 64 375
51625 53 64 500
51625 67 64 125
51875 62 64 250
52000 67 64 125
52000 50 64 250
52250 71 64 500
52250 67 64 250
52500 53 64 500
52750 62 64 250
53000 79 64 125
53000 67 64 250
53125 71 64 500
53250 50 64 250
53250 79 64 250
53625 53 64 500
53625 67 64 125
53875 62 64 250
54000 67 64 125
54000 67 64 250
54000 71 64 1000
54250 53 64 1000
54500 67 64 250
54500 67 64 500
54499 50 64 500
