125 50 64 500
250 69 64 125
500 69 64 125
750 50 64 250
1000 52 64 250
1250 74 64 500
1625 33 64 250
1625 74 64 125
1875 33 64 250
2125 72 64 125
2250 69 64 125
2500 69 64 125
2750 50 64 250
3000 52 64 250
3250 74 64 500
3625 33 64 250
3625 74 64 125
3875 33 64 250
4125 72 64 125
4250 69 64 125
4500 69 64 125
4750 50 64 250
5000 52 64 250
5250 74 64 500
5625 33 64 250
5625 74 64 125
5875 33 64 250
6000 72 64 125
6125 55 64 125
6250 69 64 125
6250 69 64 125
6500 59 64 250
6500 50 64 250
6500 71 64 500
6750 76 64 500
7000 52 64 250
7000 74 64 500
7125 53 64 125
7125 76 64 125
7250 53 64 125
7250 33 64 250
7375 74 64 125
7375 74 64 125
7625 48 64 125
7625 74 64 125
7875 33 64 250
8000 72 64 125
8125 55 64 125
8250 69 64 125
8250 69 64 125
8500 59 64 250
8500 50 64 250
8500 71 64 500
8750 76 64 500
9000 52 64 250
9000 74 64 500
9125 53 64 125
9125 76 64 125
9250 53 64 125
9250 33 64 250
9375 74 64 125
9375 74 64 125
9625 48 64 125
9625 74 64 125
9875 33 64 250
10000 72 64 125
10125 55 64 125
10250 69 64 125
10250 69 64 125
10500 59 64 250
10500 50 64 250
10500 71 64 500
10750 76 64 500
11000 52 64 250
11000 74 64 500
11125 53 64 125
11125 76 64 125
11250 53 64 125
11250 33 64 250
11375 74 64 125
11375 74 64 125
11625 48 64 125
11625 74 64 125
11875 33 64 250
12000 72 64 125
12125 55 64 125
12250 69 64 125
12250 69 64 125
12500 59 64 250
12500 50 64 250
12500 71 64 500
12750 76 64 500
13000 52 64 250
13000 74 64 500
13125 53 64 125
13125 76 64 125
13250 53 64 125
13250 33 64 250
13375 74 64 125
13375 74 64 125
13625 48 64 125
13625 74 64 125
13875 33 64 250
14000 72 64 125
14125 55 64 125
14250 69 64 125
14250 69 64 125
14500 59 64 250
14500 50 64 250
14500 71 64 500
14750 76 64 500
15000 52 64 250
15000 74 64 500
15125 53 64 125
15125 76 64 125
15250 53 64 125
15250 33 64 250
15375 74 64 125
15375 74 64 125
15625 48 64 125
15625 74 64 125
15875 33 64 250
16000 72 64 125
16250 55 64 125
16500 59 64 250
16500 55 64 165
16500 71 64 500
16665 76 64 500
16833 53 64 168
17000 48 64 167
17000 72 64 750
17125 53 64 125
17125 76 64 125
17250 53 64 125
17375 74 64 125
17375 74 64 125
17500 48 64 125
17750 50 64 165
17833 50 64 83
18000 52 64 167
18250 55 64 125
18500 59 64 250
18500 55 64 165
18500 71 64 500
18665 76 64 500
18833 53 64 168
19000 48 64 167
19000 72 64 750
19125 53 64 125
19125 76 64 125
19250 53 64 125
19375 74 64 125
19375 74 64 125
19500 48 64 125
19750 50 64 165
19833 50 64 83
20000 52 64 167
20250 55 64 125
20500 59 64 250
20500 55 64 165
20500 71 64 500
20665 76 64 500
20833 53 64 168
21000 48 64 167
21000 72 64 750
21125 53 64 125
21125 76 64 125
21250 53 64 125
21375 74 64 125
21375 74 64 125
21500 48 64 125
21750 50 64 165
21833 50 64 83
22000 52 64 167
22000 69 64 125
22250 52 64 250
22250 69 64 125
22375 52 64 250
22500 69 64 125
22625 55 64 165
22665 67 64 125
22833 53 64 168
22875 48 64 167
23000 67 64 125
23000 72 64 750
23000 69 64 125
23250 50 64 250
23250 69 64 125
23375 53 64 125
23500 67 64 125
23500 50 64 165
23500 67 64 125
23625 50 64 125
23625 67 64 125
23750 52 64 625
23750 50 64 83
23833 67 64 125
24000 52 64 167
24250 69 64 125
24250 69 64 125
24375 52 64 250
24500 69 64 125
24625 55 64 165
24665 67 64 125
24833 53 64 168
24875 48 64 167
25000 67 64 125
25000 72 64 750
25000 69 64 125
25250 50 64 250
25250 69 64 125
25375 53 64 125
25500 67 64 125
25500 50 64 165
25500 67 64 125
25625 50 64 125
25625 67 64 125
25750 52 64 625
25750 50 64 83
25833 67 64 125
26000 52 64 167
26250 69 64 125
26250 69 64 125
26375 52 64 250
26500 69 64 125
26625 55 64 165
26665 67 64 125
26833 53 64 168
26875 48 64 167
27000 67 64 125
27000 72 64 750
27000 69 64 125
27250 50 64 250
27250 69 64 125
27375 53 64 125
27500 67 64 125
27500 50 64 165
27500 67 64 125
27625 50 64 125
27625 67 64 125
27750 52 64 625
27750 50 64 83
27833 67 64 125
28000 52 64 167
28250 69 64 125
28250 69 64 125
28375 52 64 250
28500 69 64 125
28625 55 64 165
28665 67 64 125
28833 53 64 168
28875 48 64 167
29000 67 64 125
29000 72 64 750
29000 69 64 125
29250 50 64 250
29250 69 64 125
29375 53 64 125
29500 67 64 125
29500 50 64 165
29500 67 64 125
29625 50 64 125
29625 67 64 125
29750 52 64 625
29750 50 64 83
29833 67 64 125
30000 52 64 167
30250 69 64 125
30250 64 64 125
30250 69 64 125
30375 52 64 250
30375 64 64 125
30375 47 64 125
30500 69 64 125
30625 64 64 125
30625 48 64 125
30750 67 64 125
30875 48 64 125
30875 64 64 125
31000 67 64 125
31000 64 64 125
31000 69 64 125
31125 50 64 250
31250 64 64 250
31250 69 64 125
31375 53 64 125
31375 64 64 125
31500 67 64 125
31500 48 64 125
31500 67 64 125
31625 50 64 125
31625 43 64 125
31625 67 64 125
31750 52 64 625
31750 64 64 250
32000 67 64 125
32250 69 64 125
32250 64 64 125
32250 69 64 125
32375 52 64 250
32375 64 64 125
32375 47 64 125
32500 69 64 125
32625 64 64 125
32625 48 64 125
32750 67 64 125
32875 48 64 125
32875 64 64 125
33000 67 64 125
33000 64 64 125
33000 69 64 125
33125 50 64 250
33250 64 64 250
33250 69 64 125
33375 53 64 125
33375 64 64 125
33500 67 64 125
33500 48 64 125
33500 67 64 125
33625 50 64 125
33625 43 64 125
33625 67 64 125
33750 52 64 625
33750 64 64 250
34000 67 64 125
34250 69 64 125
34250 64 64 125
34250 69 64 125
34375 52 64 250
34375 64 64 125
34375 47 64 125
34500 69 64 125
34625 64 64 125
34625 48 64 125
34750 67 64 125
34875 48 64 125
34875 64 64 125
35000 67 64 125
35000 64 64 125
35000 69 64 125
35125 50 64 250
35250 64 64 250
35250 69 64 125
35375 53 64 125
35375 64 64 125
35500 67 64 125
35500 48 64 125
35500 67 64 125
35625 50 64 125
35625 43 64 125
35625 67 64 125
35750 52 64 625
35750 64 64 250
36000 67 64 125
36250 69 64 125
36250 64 64 125
36250 69 64 125
36375 52 64 250
36375 64 64 125
36375 47 64 125
36500 69 64 125
36625 64 64 125
36625 48 64 125
36750 67 64 125
36875 48 64 125
36875 64 64 125
37000 67 64 125
37000 64 64 125
37000 69 64 125
37125 50 64 250
37250 64 64 250
37250 69 64 125
37375 53 64 125
37375 64 64 125
37500 67 64 125
37500 48 64 125
37500 67 64 125
37625 50 64 125
37625 43 64 125
37625 67 64 125
37750 52 64 375
37750 64 64 250
38000 67 64 125
38000 74 64 125
38125 45 64 500
38250 74 64 125
38250 64 64 125
38250 69 64 250
38375 74 64 250
38375 64 64 125
38500 47 64 125
38500 64 64 125
38500 74 64 250
38625 50 64 125
38625 48 64 125
38750 50 64 125
38750 48 64 125
38750 69 64 250
38875 48 64 125
38875 64 64 125
39000 43 64 125
39000 64 64 125
39125 45 64 500
39250 64 64 250
39375 67 64 250
39500 64 64 125
39500 48 64 125
39625 69 64 125
39625 43 64 125
39750 67 64 125
39875 64 64 250
40000 67 64 125
40000 74 64 125
40125 45 64 500
40250 74 64 125
40250 64 64 125
40250 69 64 250
40375 74 64 250
40375 64 64 125
40500 47 64 125
40500 64 64 125
40500 74 64 250
40625 50 64 125
40625 48 64 125
40750 50 64 125
40750 48 64 125
40750 69 64 250
40875 48 64 125
40875 64 64 125
41000 43 64 125
41000 64 64 125
41125 45 64 500
41250 64 64 250
41375 67 64 250
41500 64 64 125
41500 48 64 125
41625 69 64 125
41625 43 64 125
41750 67 64 125
41875 64 64 250
42000 67 64 125
42000 74 64 125
42125 45 64 500
42250 74 64 125
42250 64 64 125
42250 69 64 250
42375 74 64 250
42375 64 64 125
42500 47 64 125
42500 64 64 125
42500 74 64 250
42625 50 64 125
42625 48 64 125
42750 50 64 125
42750 48 64 125
42750 69 64 250
42875 48 64 125
42875 64 64 125
43000 43 64 125
43000 64 64 125
43125 45 64 500
43250 64 64 250
43375 67 64 250
43500 64 64 125
43500 48 64 125
43625 69 64 125
43625 43 64 125
43750 67 64 125
43875 64 64 250
44000 67 64 125
44000 74 64 125
44125 45 64 500
44250 74 64 125
44250 64 64 125
44250 69 64 250
44375 74 64 250
44375 64 64 125
44500 47 64 125
44500 64 64 125
44500 74 64 250
44625 50 64 125
44625 48 64 125
44750 50 64 125
44750 48 64 125
44750 69 64 250
44875 48 64 125
44875 64 64 125
45000 43 64 125
45000 64 64 125
45125 45 64 500
45250 64 64 250
45375 67 64 250
45500 64 64 125
45500 48 64 125
45625 69 64 125
45625 43 64 125
45750 67 64 125
45875 64 64 250
46000 67 64 125
46000 74 64 125
46125 45 64 500
46125 71 64 125
46250 74 64 125
46250 69 64 250
46375 74 64 250
46500 71 64 125
46500 72 64 125
46500 53 64 250
46500 74 64 250
46625 50 64 125
46750 50 64 125
46750 62 64 125
46750 72 64 125
46750 55 64 250
46750 69 64 250
46875 48 64 125
47000 43 64 125
47000 67 64 125
47000 72 64 125
47000 53 64 250
47250 45 64 500
47250 67 64 125
47250 72 64 125
47250 48 64 250
47375 67 64 250
47375 65 64 125
47500 71 64 125
47625 69 64 125
47625 62 64 125
47625 71 64 125
47750 67 64 125
47875 48 64 250
47875 67 64 125
47875 71 64 125
48000 67 64 125
48000 74 64 125
48125 45 64 500
48125 71 64 125
48250 74 64 125
48250 69 64 250
48375 74 64 250
48500 71 64 125
48500 72 64 125
48500 53 64 250
48500 74 64 250
48625 50 64 125
48750 50 64 125
48750 62 64 125
48750 72 64 125
48750 55 64 250
48750 69 64 250
48875 48 64 125
49000 43 64 125
49000 67 64 125
49000 72 64 125
49000 53 64 250
49250 45 64 500
49250 67 64 125
49250 72 64 125
49250 48 64 250
49375 67 64 250
49375 65 64 125
49500 71 64 125
49625 69 64 125
49625 62 64 125
49625 71 64 125
49750 67 64 125
49875 48 64 250
49875 67 64 125
49875 71 64 125
50000 67 64 125
50000 74 64 125
50125 45 64 500
50125 71 64 125
50250 74 64 125
50250 69 64 250
50375 74 64 250
50500 71 64 125
50500 72 64 125
50500 53 64 250
50500 74 64 250
50625 50 64 125
50750 50 64 125
50750 62 64 125
50750 72 64 125
50750 55 64 250
50750 69 64 250
50875 48 64 125
51000 43 64 125
51000 67 64 125
51000 72 64 125
51000 53 64 250
51250 45 64 500
51250 67 64 125
51250 72 64 125
51250 48 64 250
51375 67 64 250
51375 65 64 125
51500 71 64 125
51625 69 64 125
51625 62 64 125
51625 71 64 125
51750 67 64 125
51875 48 64 250
51875 67 64 125
51875 71 64 125
52000 67 64 125
52000 74 64 125
52125 45 64 500
52125 71 64 125
52250 74 64 125
52250 69 64 250
52375 74 64 250
52500 71 64 125
52500 72 64 125
52500 53 64 250
52500 74 64 250
52625 50 64 125
52750 50 64 125
52750 62 64 125
52750 72 64 125
52750 55 64 250
52750 69 64 250
52875 48 64 125
53000 43 64 125
53000 67 64 125
53000 72 64 125
53000 53 64 250
53250 45 64 500
53250 67 64 125
53250 72 64 125
53250 48 64 250
53375 67 64 250
53375 65 64 125
53500 71 64 125
53625 69 64 125
53625 62 64 125
53625 71 64 125
53750 67 64 125
53875 48 64 250
53875 67 64 125
53875 71 64 125
54000 67 64 125
54000 69 64 1000
54125 76 64 1000
54250 71 64 125
54375 48 64 500
54500 71 64 125
54500 72 64 125
54750 53 64 250
54750 62 64 125
54750 72 64 125
55000 55 64 250
55000 67 64 125
55000 72 64 125
55000 53 64 250
55000 67 64 1000
55000 74 64 1000
55250 77 64 500
55250 67 64 125
55250 72 64 125
55375 48 64 250
55375 65 64 125
55500 71 64 125
55500 81 64 500
55500 53 64 500
55625 59 64 500
55625 62 64 125
55750 71 64 125
55875 48 64 250
55875 67 64 125
56000 71 64 125
56000 69 64 1000
56125 76 64 1000
56250 71 64 125
56375 48 64 500
56500 71 64 125
56500 72 64 125
56750 53 64 250
56750 62 64 125
56750 72 64 125
57000 55 64 250
57000 67 64 125
57000 72 64 125
57000 53 64 250
57000 67 64 1000
57000 74 64 1000
57250 77 64 500
57250 67 64 125
57250 72 64 125
57375 48 64 250
57375 65 64 125
57500 71 64 125
57500 81 64 500
57500 53 64 500
57625 59 64 500
57625 62 64 125
57750 71 64 125
57875 48 64 250
57875 67 64 125
58000 71 64 125
58000 69 64 1000
58125 76 64 1000
58250 71 64 125
58375 48 64 500
58500 71 64 125
58500 72 64 125
58750 53 64 250
58750 62 64 125
58750 72 64 125
59000 55 64 250
59000 67 64 125
59000 72 64 125
59000 53 64 250
59000 67 64 1000
59000 74 64 1000
59250 77 64 500
59250 67 64 125
59250 72 64 125
59375 48 64 250
59375 65 64 125
59500 71 64 125
59500 81 64 500
59500 53 64 500
59625 59 64 500
59625 62 64 125
59750 71 64 125
59875 48 64 250
59875 67 64 125
60000 71 64 125
60000 69 64 1000
60125 76 64 1000
60250 71 64 125
60375 48 64 500
60500 71 64 125
60500 72 64 125
60750 53 64 250
60750 62 64 125
60750 72 64 125
61000 55 64 250
61000 67 64 125
61000 72 64 125
61000 53 64 250
61000 67 64 1000
61000 74 64 1000
61250 77 64 500
61250 67 64 125
61250 72 64 125
61375 48 64 250
61375 65 64 125
61500 71 64 125
61500 81 64 500
61500 53 64 500
61625 59 64 500
61625 62 64 125
61750 71 64 125
61875 48 64 250
61875 67 64 125
62000 71 64 125
62000 71 64 250
62000 43 64 250
62000 52 64 250
62000 69 64 1000
62250 76 64 1000
62250 64 64 250
62500 48 64 500
62500 72 64 250
62750 47 64 250
62750 62 64 250
62750 50 64 250
63000 59 64 250
63000 64 64 250
63000 59 64 250
63000 67 64 1000
63000 74 64 1000
63250 77 64 500
63250 72 64 250
63250 74 64 250
63250 53 64 250
63500 55 64 250
63500 72 64 250
63500 47 64 250
63500 48 64 250
63500 81 64 500
63500 53 64 500
63750 59 64 500
63750 71 64 125
63750 45 64 250
63875 50 64 250
64000 71 64 375
64000 43 64 250
64000 52 64 250
64000 69 64 1000
64250 76 64 1000
64250 64 64 250
64500 48 64 500
64500 72 64 250
64750 47 64 250
64750 62 64 250
64750 50 64 250
65000 59 64 250
65000 64 64 250
65000 59 64 250
65000 67 64 1000
65000 74 64 1000
65250 77 64 500
65250 72 64 250
65250 74 64 250
65250 53 64 250
65500 55 64 250
65500 72 64 250
65500 47 64 250
65500 48 64 250
65500 81 64 500
65500 53 64 500
65750 59 64 500
65750 71 64 125
65750 45 64 250
65875 50 64 250
66000 71 64 375
66000 43 64 250
66000 52 64 250
66000 69 64 1000
66250 76 64 1000
66250 64 64 250
66500 48 64 500
66500 72 64 250
66750 47 64 250
66750 62 64 250
66750 50 64 250
67000 59 64 250
67000 64 64 250
67000 59 64 250
67000 67 64 1000
67000 74 64 1000
67250 77 64 500
67250 72 64 250
67250 74 64 250
67250 53 64 250
67500 55 64 250
67500 72 64 250
67500 47 64 250
67500 48 64 250
67500 81 64 500
67500 53 64 500
67750 59 64 500
67750 71 64 125
67750 45 64 250
67875 50 64 250
68000 71 64 375
68000 43 64 250
68000 52 64 250
68000 69 64 1000
68250 76 64 1000
68250 64 64 250
68500 48 64 500
68500 72 64 250
68750 47 64 250
68750 62 64 250
68750 50 64 250
69000 59 64 250
69000 64 64 250
69000 59 64 250
69250 71 64 500
69500 62 64 250
69500 71 64 500
69750 43 64 500
70000 62 64 250
69999 71 64 500
