250 62 1 93
375 62 1 93
500 62 1 93
625 62 1 93
750 60 5 93
875 60 5 93
1000 60 5 93
1125 60 5 93
1250 62 1 93
1375 60 5 93
1500 72 6 93
1625 72 6 93
1750 60 5 93
1875 60 5 93
2000 65 1 93
2125 62 1 93
2250 72 6 93
2375 72 6 93
2500 62 1 93
2625 65 1 93
2750 60 5 93
2875 60 5 93
3000 65 1 93
3125 62 1 93
3250 72 6 93
3375 72 6 93
3500 62 1 93
3625 65 1 93
3750 60 5 93
3875 60 5 93
4000 65 1 93
4125 62 1 93
4250 72 6 93
4375 72 6 93
4500 62 1 93
4625 65 1 93
4750 60 5 93
4875 60 5 93
5000 65 1 93
5125 62 1 93
5250 72 6 93
5375 72 6 93
5500 62 1 93
5625 65 1 93
5750 60 5 93
5875 62 1 93
6000 58 15 93
6125 60 5 93
6250 53 8 93
6375 53 8 93
6500 60 5 93
6625 58 15 93
6750 62 1 93
6875 60 5 93
7000 72 6 93
7125 72 6 93
7250 58 15 93
7375 60 5 93
7500 53 8 93
7625 53 8 93
7750 60 5 93
7875 58 15 93
8000 72 6 93
8125 72 6 93
8250 60 5 93
8375 62 75 93
8500 58 15 93
8625 60 5 93
8750 53 8 93
8875 58 15 93
9000 34 65 93
9125 53 8 93
9250 29 67 93
9375 29 67 93
9500 53 8 93
9625 34 65 93
9750 58 15 93
9875 53 8 93
10000 60 5 93
10125 58 15 93
10250 62 75 93
10375 60 5 93
10500 63 68 93
10625 63 68 93
10750 60 5 93
10875 62 75 93
11000 58 15 93
11125 60 5 93
11250 34 65 93
11375 58 15 93
11500 29 67 93
11625 29 67 93
11750 58 15 93
11875 34 65 93
12000 60 5 93
12125 58 15 93
12250 62 75 93
12375 60 5 93
12500 63 68 93
12625 63 68 93
12750 60 5 93
12875 62 75 93
13000 58 15 93
13125 60 5 93
13250 56 78 93
13375 58 15 93
13500 56 78 93
13625 60 5 93
13750 58 15 93
13875 62 66 93
14000 62 66 93
14125 58 15 93
14250 60 5 93
14375 56 78 93
14500 58 15 93
14625 43 54 93
14750 43 54 93
14875 56 78 93
15000 53 49 93
15125 58 15 93
15250 56 78 93
15375 60 5 93
15500 58 15 93
15625 62 66 93
15750 62 66 93
15875 58 15 93
16000 60 5 93
16125 56 78 93
16250 58 15 93
16375 53 49 93
16500 56 78 93
16625 51 74 93
16750 53 49 93
16875 43 54 93
17000 43 54 93
17125 53 49 93
17250 51 74 93
17375 60 5 93
17500 53 49 93
17625 62 66 93
17750 60 5 93
17875 63 51 93
18000 63 51 93
18125 60 5 93
18250 62 66 93
18375 53 49 93
18500 60 5 93
18625 51 74 93
18750 51 74 93
18875 60 5 93
19000 53 49 93
19125 62 66 93
19250 60 5 93
19375 63 51 93
19500 63 51 93
19625 60 5 93
19750 62 66 93
19875 58 60 93
20000 60 5 93
20125 43 60 93
20250 43 60 93
20375 58 60 93
20500 44 59 93
20625 60 5 93
20750 58 60 93
20875 62 66 93
21000 60 5 93
21125 63 51 93
21250 63 51 93
21375 60 5 93
21500 62 66 93
21625 58 60 93
21750 60 5 93
21875 44 59 93
22000 58 60 93
22125 44 59 93
22250 56 68 93
22375 43 60 93
22500 43 60 93
22625 56 68 93
22750 44 59 93
22875 58 60 93
23000 56 68 93
23125 60 5 93
23250 58 60 93
23375 62 66 93
23500 62 66 93
23625 58 60 93
23750 60 5 93
23875 56 68 93
24000 58 60 93
24125 48 37 93
24250 51 40 93
24375 44 59 93
24500 44 59 93
24625 51 40 93
24750 48 37 93
24875 56 68 93
25000 51 40 93
25125 58 60 93
25250 56 68 93
25375 60 5 93
25500 58 60 93
25625 62 74 93
25750 62 74 93
25875 58 60 93
26000 60 5 93
26125 51 40 93
26250 58 60 93
26375 48 37 93
26500 51 40 93
26625 44 59 93
26750 48 37 93
26875 43 63 93
27000 43 63 93
27125 48 37 93
27250 44 59 93
27375 51 40 93
27500 48 37 93
27625 58 60 93
27750 51 40 93
27875 60 5 93
28000 58 60 93
28125 62 74 93
28250 62 74 93
28375 58 60 93
28500 60 5 93
28625 53 62 93
28750 58 60 93
28875 48 37 93
29000 53 62 93
29125 46 64 93
29250 48 37 93
29375 43 63 93
29500 43 63 93
29625 48 37 93
29750 46 64 93
29875 53 62 93
30000 48 37 93
30125 60 5 93
30250 60 5 93
30375 53 62 93
30500 58 66 93
30625 48 37 93
30750 53 62 93
30875 46 64 93
31000 48 37 93
31125 43 63 93
31250 43 63 93
31375 48 37 93
31500 46 64 93
31625 53 62 93
31750 43 63 93
31875 55 65 93
32000 53 62 93
32125 58 66 93
32250 55 65 93
32375 60 5 93
32500 60 5 93
32625 55 65 93
32750 58 66 93
32875 48 72 93
33000 55 65 93
33125 43 70 93
33250 43 70 93
33375 55 65 93
33500 48 72 93
33625 58 66 93
33750 55 65 93
33875 60 5 93
34000 58 66 93
34125 67 83 93
34250 67 83 93
34375 58 66 93
34500 60 5 93
34625 55 65 93
34750 58 66 93
34875 48 72 93
35000 55 65 93
35125 46 89 93
35250 48 72 93
35375 43 70 93
35500 46 89 93
35625 34 91 93
35750 43 70 93
35875 29 102 93
36000 29 102 93
36125 43 70 93
36250 36 91 93
36375 46 89 93
36500 43 70 93
36625 48 72 93
36750 46 89 93
36875 67 83 93
37000 67 83 93
37125 46 89 93
37250 60 5 93
37375 36 91 93
37500 46 89 93
37625 34 91 93
37750 36 91 93
37875 29 102 93
38000 34 91 93
38125 26 73 93
38250 26 73 93
38375 34 91 93
38500 29 102 93
38625 36 91 93
38750 34 91 93
38875 43 83 93
39000 36 91 93
39125 44 88 93
39250 43 83 93
39375 46 89 93
39500 44 88 93
39625 60 5 93
39750 60 5 93
39875 44 88 93
40000 46 89 93
40125 43 83 93
40250 44 88 93
40375 34 91 93
40500 34 91 93
40625 44 88 93
40750 43 83 93
40875 46 89 93
41000 44 88 93
41125 60 5 93
41250 60 5 93
41375 46 89 93
41500 53 79 93
41625 44 88 93
41750 46 89 93
41875 43 83 93
42000 44 88 93
42125 34 91 93
42250 34 91 93
42375 53 79 93
42500 46 89 93
42625 60 5 93
42750 60 5 93
42875 46 89 93
43000 53 79 93
43125 34 91 93
43250 46 89 93
43375 29 80 93
43500 29 80 93
43625 48 84 93
43750 34 91 93
43875 53 79 93
44000 48 84 93
44125 60 5 93
44250 60 5 93
44375 48 84 93
44500 53 79 93
44625 34 91 93
44750 48 84 93
44875 29 80 93
45000 29 80 93
45125 48 84 93
45250 34 91 93
45375 60 5 93
45500 60 5 93
45625 34 91 93
45750 48 84 93
45875 29 80 93
46000 34 91 93
46125 26 69 93
46250 26 69 93
46375 31 83 93
46500 29 80 93
46625 34 91 93
46750 31 83 93
46875 48 84 93
47000 34 91 93
47125 60 5 93
47250 60 5 93
47375 43 71 93
47500 48 84 93
47625 34 91 93
47750 43 71 93
47875 31 83 93
48000 34 91 93
48125 29 80 93
48250 31 83 93
48375 26 69 93
48500 26 69 93
48625 34 91 93
48750 31 83 93
48875 43 71 93
49000 34 91 93
49125 60 5 93
49250 60 5 93
49375 34 91 93
49500 43 71 93
49625 32 81 93
49750 34 91 93
49875 31 83 93
50000 32 81 93
50125 26 69 93
50250 26 69 93
50375 34 91 93
50500 32 81 93
50625 43 71 93
50750 34 91 93
50875 58 81 93
51000 43 71 93
51125 60 5 93
51250 60 5 93
51375 34 91 93
51500 58 81 93
51625 32 81 93
51750 34 91 93
51875 26 69 93
52000 32 81 93
52125 24 74 93
52250 24 74 93
52375 34 89 93
52500 32 81 93
52625 58 81 93
52750 34 89 93
52875 58 81 93
53000 46 89 93
53125 60 5 93
53250 60 5 93
53375 46 89 93
53500 58 81 93
53625 36 94 93
53750 46 89 93
53875 34 89 93
54000 36 94 93
54125 32 80 93
54250 34 89 93
54375 26 73 93
54500 32 80 93
54625 24 74 93
54750 24 74 93
54875 32 80 93
55000 26 73 93
55125 34 89 93
55250 32 80 93
55375 36 94 93
55500 34 89 93
55625 46 89 93
55750 36 94 93
55875 53 91 93
56000 46 89 93
56125 60 5 93
56250 60 5 93
56375 46 89 93
56500 53 91 93
56625 36 94 93
56750 46 89 93
56875 34 89 93
57000 36 94 93
57125 32 80 93
57250 34 89 93
57375 26 73 93
57500 32 80 93
57625 24 102 93
57750 24 102 93
57875 34 89 93
58000 26 73 93
58125 53 91 93
58250 34 89 93
58375 60 5 93
58500 53 91 93
58625 65 88 93
58750 34 89 93
58875 53 91 93
59000 34 89 93
59125 46 89 93
59250 24 102 93
59375 34 89 93
59500 53 91 93
59625 46 89 93
59750 62 102 93
59875 60 5 93
60000 65 88 93
60125 65 88 93
60250 60 5 93
60375 62 102 93
60500 48 79 93
60625 58 89 93
60750 46 89 93
60875 46 89 93
61000 58 89 93
61125 48 79 93
61250 60 5 93
61375 58 89 93
61500 62 102 93
61625 60 5 93
61750 65 88 93
61875 65 88 93
62000 60 5 93
62125 62 102 93
62250 58 89 93
62375 60 5 93
62500 48 79 93
62625 58 89 93
62750 46 89 93
62875 48 79 93
63000 29 99 93
63125 29 99 93
63250 48 79 93
63375 34 98 93
63500 58 89 93
63625 48 79 93
63750 60 5 93
63875 58 89 93
64000 60 5 93
64125 48 79 93
64250 58 89 93
64375 36 107 93
64500 58 89 93
64625 34 98 93
64750 36 107 93
64875 29 99 93
65000 29 99 93
65125 36 107 93
65250 34 98 93
65375 60 5 93
65500 60 5 93
65625 34 98 93
65750 36 107 93
65875 31 95 93
66000 34 98 93
66125 29 99 93
66250 29 99 93
66375 34 98 93
66500 31 95 93
66625 36 107 93
66750 34 98 93
66875 60 5 93
67000 60 5 93
67125 34 98 93
67250 36 107 93
67375 32 98 93
67500 34 98 93
67625 31 95 93
67750 32 98 93
67875 29 99 93
68000 29 99 93
68125 32 98 93
68250 31 95 93
68375 34 98 93
68500 32 98 93
68625 60 5 93
68750 60 5 93
68875 32 98 93
69000 34 98 93
69125 31 95 93
69250 32 98 93
69375 29 99 93
69500 29 99 93
69625 32 98 93
69750 31 95 93
69875 34 98 93
70000 32 98 93
70125 60 5 93
70250 60 5 93
70375 32 98 93
70500 34 98 93
70625 31 95 93
70750 32 98 93
70875 29 99 93
71000 29 99 93
71125 32 98 93
71250 31 95 93
71375 60 5 93
71500 29 99 93
71625 31 95 93
71750 31 95 93
71875 29 99 93
72000 60 5 93
72125 60 5 93
72250 29 99 93
72375 31 95 93
72500 31 95 93
72625 29 99 93
72750 60 5 93
72875 60 5 93
73000 31 95 93
73125 34 104 93
73250 29 99 93
73375 29 99 93
73500 34 104 93
73625 31 95 93
73750 36 104 93
73875 34 104 93
74000 60 5 93
74125 60 5 93
74250 34 104 93
74375 36 104 93
74500 31 95 93
74625 34 104 93
74750 29 99 93
74875 29 99 93
75000 34 104 93
75125 31 95 93
75250 36 104 93
75375 34 104 93
75500 60 5 93
75625 60 5 93
75750 34 104 93
75875 36 104 93
76000 31 95 93
76125 34 104 93
76250 29 101 93
76375 29 101 93
76500 34 104 93
76625 31 95 93
76750 36 104 93
76875 34 104 93
77000 60 5 93
77125 60 5 93
77250 31 95 93
77375 34 104 93
77500 29 101 93
77625 29 101 93
77750 34 104 93
77875 31 95 93
78000 60 5 93
78125 60 5 93
78250 29 101 93
78375 34 104 93
78500 34 104 93
78625 29 101 93
78750 60 5 93
78875 60 5 93
79000 31 89 93
79125 34 104 93
79250 29 101 93
79375 29 101 93
79500 34 104 93
79625 31 89 93
79750 60 5 93
79875 60 5 93
80000 31 89 93
80125 34 104 93
80250 29 101 93
80375 29 101 93
80500 34 104 93
80625 31 89 93
80750 60 5 93
80875 60 5 93
81000 32 95 93
81125 34 104 93
81250 31 89 93
81375 32 95 93
81500 29 101 93
81625 29 101 93
81750 32 95 93
81875 31 89 93
82000 34 104 93
82125 32 95 93
82250 60 5 93
82375 60 5 93
82500 32 95 93
82625 34 104 93
82750 31 89 93
82875 32 95 93
83000 29 101 93
83125 29 101 93
83250 32 95 93
83375 31 89 93
83500 60 5 93
83625 60 5 93
83750 31 89 93
83875 32 95 93
84000 29 101 93
84125 29 101 93
84250 32 95 93
84375 31 89 93
84500 60 5 93
84625 60 5 93
84750 31 89 93
84875 32 95 93
85000 29 101 93
85125 31 89 93
85250 31 89 93
85375 29 101 93
85500 60 5 93
85625 60 5 93
85750 29 101 93
85875 29 101 93
86000 34 94 93
86125 29 101 93
86250 60 5 93
86375 60 5 93
86500 34 94 93
86625 38 101 93
86750 29 101 93
86875 29 101 93
87000 34 94 93
87125 31 97 93
87250 38 101 93
87375 34 94 93
87500 60 5 93
87625 60 5 93
87750 34 94 93
87875 38 101 93
88000 31 97 93
88125 34 94 93
88250 29 101 93
88375 29 101 93
88500 34 94 93
88625 31 97 93
88750 38 101 93
88875 34 94 93
89000 46 75 93
89125 38 101 93
89250 60 5 93
89375 60 5 93
89500 38 101 93
89625 46 75 93
89750 34 94 93
89875 38 101 93
90000 31 97 93
90125 34 94 93
90250 26 68 93
90375 31 97 93
90500 24 92 93
90625 24 92 93
90750 31 97 93
90875 26 68 93
91000 34 94 93
91125 31 97 93
91250 46 75 93
91375 34 94 93
91500 60 5 93
91625 46 75 93
91750 65 85 93
91875 65 85 93
92000 46 75 93
92125 60 5 93
92250 34 94 93
92375 46 75 93
92500 26 68 93
92625 34 94 93
92750 24 92 93
92875 24 92 93
93000 34 94 93
93125 26 68 93
93250 60 5 93
93375 34 94 93
93500 65 85 93
93625 65 85 93
93750 34 94 93
93875 60 5 93
94000 26 68 93
94125 26 68 93
94250 43 91 93
94375 34 94 93
94500 60 5 93
94625 43 91 93
94750 60 5 93
94875 43 91 93
95000 55 96 93
95125 34 94 93
95250 43 91 93
95375 26 68 93
95500 26 68 93
95625 43 91 93
95750 36 102 93
95875 55 96 93
96000 43 91 93
96125 60 5 93
96250 60 5 93
96375 43 91 93
96500 55 96 93
96625 41 90 93
96750 43 91 93
96875 36 102 93
97000 41 90 93
97125 34 94 93
97250 36 102 93
97375 24 91 93
97500 24 91 93
97625 36 102 93
97750 34 94 93
97875 41 90 93
98000 36 102 93
98125 48 90 93
98250 41 90 93
98375 51 91 93
98500 48 90 93
98625 53 89 93
98750 51 91 93
98875 58 89 93
99000 53 89 93
99125 60 5 93
99250 60 5 93
99375 53 89 93
99500 58 89 93
99625 51 91 93
99750 53 89 93
99875 48 90 93
100000 51 91 93
100125 41 90 93
100250 48 90 93
100375 38 95 93
100500 41 90 93
100625 31 82 93
100750 38 95 93
100875 29 101 93
101000 29 101 93
101125 38 95 93
101250 31 82 93
101375 41 90 93
101500 38 95 93
101625 43 86 93
101750 41 90 93
101875 44 90 93
102000 43 86 93
102125 55 78 93
102250 44 90 93
102375 58 89 93
102500 55 78 93
102625 60 5 93
102750 58 89 93
102875 65 89 93
103000 65 89 93
103125 55 78 93
103250 60 5 93
103375 44 90 93
103500 55 78 93
103625 43 86 93
103750 44 90 93
103875 41 95 93
104000 43 86 93
104125 36 92 93
104250 41 95 93
104375 34 90 93
104500 36 92 93
104625 26 77 93
104750 26 77 93
104875 36 92 93
105000 34 90 93
105125 41 95 93
105250 36 92 93
105375 53 92 93
105500 41 95 93
105625 60 5 93
105750 53 92 93
105875 63 91 93
106000 60 5 93
106125 65 89 93
106250 65 89 93
106375 60 5 93
106500 63 91 93
106625 53 92 93
106750 60 5 93
106875 38 90 93
107000 53 92 93
107125 34 90 93
107250 38 90 93
107375 26 77 93
107500 26 77 93
107625 34 90 93
107750 31 96 93
107875 38 90 93
108000 34 90 93
108125 53 92 93
108250 38 90 93
108375 60 5 93
108500 36 66 93
108625 38 90 93
108750 34 90 93
108875 36 66 93
109000 32 91 93
109125 34 90 93
109250 31 96 93
109375 31 96 93
109500 34 90 93
109625 32 91 93
109750 36 66 93
109875 34 90 93
110000 38 90 93
110125 36 66 93
110250 53 94 93
110375 38 90 93
110500 60 5 93
110625 53 94 93
110750 63 98 93
110875 60 5 93
111000 70 98 93
111125 70 98 93
111250 60 5 93
111375 63 98 93
111500 53 94 93
111625 60 5 93
111750 46 85 93
111875 53 94 93
112000 36 66 93
112125 46 85 93
112250 31 96 93
112375 31 96 93
112500 48 79 93
112625 46 85 93
112750 53 94 93
112875 48 79 93
113000 60 5 93
113125 53 94 93
113250 63 98 93
113375 60 5 93
113500 70 98 93
113625 70 98 93
113750 48 79 93
113875 60 5 93
114000 46 85 93
114125 48 79 93
114250 34 86 93
114375 46 85 93
114500 31 82 93
114625 31 82 93
114750 46 85 93
114875 34 86 93
115000 48 79 93
115125 46 85 93
115250 60 5 93
115375 48 79 93
115500 67 89 93
115625 60 5 93
115750 68 80 93
115875 68 80 93
116000 60 5 93
116125 67 89 93
116250 48 79 93
116375 60 5 93
116500 46 85 93
116625 48 79 93
116750 41 86 93
116875 46 85 93
117000 38 89 93
117125 41 86 93
117250 36 87 93
117375 38 89 93
117500 34 86 93
117625 36 87 93
117750 31 82 93
117875 34 86 93
118000 29 82 93
118125 29 82 93
118250 34 86 93
118375 31 82 93
118500 36 87 93
118625 34 86 93
118750 38 89 93
118875 36 87 93
119000 41 86 93
119125 38 89 93
119250 60 5 93
119375 41 86 93
119500 67 89 93
119625 60 5 93
119750 70 85 93
119875 67 89 93
120000 82 83 93
120125 82 83 93
120250 67 89 93
120375 70 85 93
120500 58 68 93
120625 67 89 93
120750 46 52 93
120875 58 68 93
121000 43 76 93
121125 46 52 93
121250 43 76 93
121375 58 68 93
121500 46 52 93
121625 65 75 93
121750 58 68 93
121875 67 89 93
122000 65 75 93
122125 70 85 93
122250 67 89 93
122375 82 83 93
122500 82 83 93
122625 67 89 93
122750 70 85 93
122875 65 75 93
123000 67 89 93
123125 60 5 93
123250 65 75 93
123375 58 68 93
123500 60 5 93
123625 53 71 93
123750 58 68 93
123875 46 52 93
124000 53 71 93
124125 43 76 93
124250 43 76 93
124375 53 71 93
124500 46 52 93
124625 60 5 93
124750 53 71 93
124875 65 75 93
125000 60 5 93
125125 67 89 93
125250 65 75 93
125375 70 83 93
125500 70 83 93
125625 65 75 93
125750 67 89 93
125875 60 5 93
126000 65 75 93
126125 53 71 93
126250 53 71 93
126375 65 75 93
126500 60 5 93
126625 70 83 93
126750 70 83 93
126875 60 5 93
127000 67 89 93
127125 55 78 93
127250 60 5 93
127375 53 71 93
127500 55 78 93
127625 46 80 93
127750 53 71 93
127875 43 86 93
128000 43 86 93
128125 53 71 93
128250 46 80 93
128375 55 78 93
128500 53 71 93
128625 58 78 93
128750 55 78 93
128875 60 5 93
129000 58 78 93
129125 67 82 93
129250 60 5 93
129375 67 82 93
129500 58 78 93
129625 60 5 93
129750 55 78 93
129875 58 78 93
130000 46 80 93
130125 55 78 93
130250 43 86 93
130375 43 86 93
130500 55 78 93
130625 46 80 93
130750 58 78 93
130875 55 78 93
131000 60 5 93
131125 58 78 93
131250 67 82 93
131375 60 5 93
131500 68 72 93
131625 67 82 93
131750 70 85 93
131875 70 85 93
132000 67 82 93
132125 68 72 93
132250 60 5 93
132375 67 82 93
132500 58 78 93
132625 60 5 93
132750 55 78 93
132875 65 80 93
133000 60 5 93
133125 67 82 93
133250 65 80 93
133375 68 72 93
133500 67 82 93
133625 70 85 93
133750 70 85 93
133875 67 82 93
134000 68 72 93
134125 65 80 93
134250 67 82 93
134375 60 5 93
134500 65 80 93
134625 53 61 93
134750 53 61 93
134875 65 80 93
135000 60 5 93
135125 67 82 93
135250 65 80 93
135375 68 72 93
135500 68 72 93
135625 65 80 93
135750 67 82 93
135875 60 5 93
136000 65 80 93
136125 53 61 93
136250 53 61 93
136375 65 80 93
136500 60 5 93
136625 67 82 93
136750 65 80 93
136875 68 72 93
137000 68 72 93
137125 65 80 93
137250 67 82 93
137375 60 5 93
137500 65 80 93
137625 53 61 93
137750 53 61 93
137875 65 80 93
138000 60 5 93
138125 67 82 93
138250 67 82 93
138375 60 5 93
138500 65 80 93
138625 53 61 93
138750 60 5 93
138875 53 61 93
139000 53 61 93
139125 60 75 93
139250 53 61 93
139375 63 106 93
139500 60 75 93
139625 65 80 93
139750 65 80 93
139875 60 75 93
140000 63 106 93
140125 53 85 93
140250 60 75 93
140375 41 57 93
140500 41 57 93
140625 60 75 93
140750 53 85 93
140875 62 92 93
141000 60 75 93
141125 63 106 93
141250 62 92 93
141375 65 80 93
141500 65 80 93
141625 62 92 93
141750 63 106 93
141875 60 75 93
142000 62 92 93
142125 53 85 93
142250 60 75 93
142375 41 57 93
142500 53 85 93
142625 36 91 93
142750 41 57 93
142875 34 96 93
143000 36 91 93
143125 31 88 93
143250 34 96 93
143375 29 91 93
143500 29 91 93
143625 34 96 93
143750 31 88 93
143875 36 91 93
144000 34 96 93
144125 41 57 93
144250 36 91 93
144375 60 75 93
144500 60 75 93
144625 36 91 93
144750 41 57 93
144875 34 96 93
145000 36 91 93
145125 31 88 93
145250 34 96 93
145375 29 91 93
145500 29 91 93
145625 34 96 93
145750 31 88 93
145875 60 75 93
146000 60 75 93
146125 29 91 93
146250 34 96 93
146375 34 96 93
146500 29 91 93
146625 60 75 93
146750 60 75 93
146875 29 91 93
147000 34 96 93
147125 34 96 93
147250 29 91 93
147375 60 75 93
147500 60 75 93
147625 29 91 93
147750 34 96 93
147875 29 91 93
148000 29 91 93
148125 34 96 93
148250 31 95 93
148375 60 75 93
148500 60 75 93
148625 31 95 93
148750 34 96 93
148875 29 91 93
149000 29 91 93
149125 32 97 93
149250 31 95 93
149375 34 96 93
149500 32 97 93
149625 60 75 93
149750 60 75 93
149875 32 97 93
150000 34 96 93
150125 31 95 93
150250 32 97 93
150375 29 91 93
150500 29 91 93
150625 32 97 93
150750 31 95 93
150875 34 96 93
151000 32 97 93
151125 60 75 93
151250 60 75 93
151375 32 97 93
151500 34 96 93
151625 31 95 93
151750 32 97 93
151875 29 91 93
152000 29 91 93
152125 32 97 93
152250 31 95 93
152375 60 75 93
152500 60 75 93
152625 31 95 93
152750 32 97 93
152875 29 91 93
153000 31 95 93
153125 31 95 93
153250 29 91 93
153375 60 75 93
153500 60 75 93
153625 29 91 93
153750 31 95 93
153875 29 91 93
154000 34 90 93
154125 29 91 93
154250 60 75 93
154375 60 75 93
154500 31 101 93
154625 34 90 93
154750 29 91 93
154875 29 91 93
155000 34 90 93
155125 31 101 93
155250 60 75 93
155375 60 75 93
155500 31 101 93
155625 34 90 93
155750 29 91 93
155875 29 91 93
156000 34 90 93
156125 31 101 93
156250 60 75 93
156375 60 75 93
156500 31 101 93
156625 34 90 93
156750 34 90 93
156875 31 101 93
157000 36 101 93
157125 34 90 93
157250 60 75 93
157375 60 75 93
157500 34 90 93
157625 36 101 93
157750 31 101 93
157875 34 90 93
158000 29 94 93
158125 29 94 93
158250 34 90 93
158375 31 101 93
158500 36 101 93
158625 34 90 93
158750 60 75 93
158875 60 75 93
159000 34 90 93
159125 36 101 93
159250 31 101 93
159375 34 90 93
159500 29 94 93
159625 29 94 93
159750 34 90 93
159875 31 101 93
160000 36 101 93
160125 34 90 93
160250 60 75 93
160375 60 75 93
160500 34 99 93
160625 36 101 93
160750 31 101 93
160875 34 99 93
161000 29 94 93
161125 29 94 93
161250 34 99 93
161375 31 101 93
161500 60 75 93
161625 60 75 93
161750 31 101 93
161875 34 99 93
162000 29 94 93
162125 29 94 93
162250 34 99 93
162375 31 101 93
162500 60 75 93
162625 60 75 93
162750 31 101 93
162875 34 99 93
163000 29 94 93
163125 29 94 93
163250 34 99 93
163375 31 101 93
163500 60 75 93
163625 60 75 93
163750 31 101 93
163875 34 99 93
164000 29 94 93
164125 29 94 93
164250 34 99 93
164375 31 101 93
164500 60 75 93
164625 29 94 93
164750 31 101 93
164875 31 101 93
165000 29 94 93
165125 32 97 93
165250 31 101 93
165375 60 75 93
165500 60 75 93
165625 31 101 93
165750 32 97 93
165875 29 94 93
166000 29 94 93
166125 32 97 93
166250 31 101 93
166375 60 75 93
166500 60 75 93
166625 32 97 93
166750 34 97 93
166875 31 101 93
167000 32 97 93
167125 29 94 93
167250 34 97 93
167375 32 97 93
167500 60 75 93
167625 60 75 93
167750 32 97 93
167875 34 97 93
168000 31 94 93
168125 32 97 93
168250 29 94 93
168375 29 94 93
168500 32 97 93
168625 31 94 93
168750 34 97 93
168875 32 97 93
169000 60 75 93
169125 60 75 93
169250 32 97 93
169375 34 97 93
169500 31 94 93
169625 32 97 93
169750 29 94 93
169875 31 94 93
170000 24 102 93
170125 24 102 93
170250 31 94 93
170375 29 94 93
170500 32 97 93
170625 31 94 93
170750 34 97 93
170875 32 97 93
171000 36 98 93
171125 34 97 93
171250 60 75 93
171375 60 75 93
171500 32 97 93
171625 36 98 93
171750 31 94 93
171875 32 97 93
172000 29 97 93
172125 31 94 93
172250 24 102 93
172375 24 102 93
172500 31 94 93
172625 29 97 93
172750 32 97 93
172875 31 92 93
173000 36 98 93
173125 31 92 93
173250 60 75 93
173375 60 75 93
173500 29 97 93
173625 31 92 93
173750 24 102 93
173875 24 102 93
174000 31 92 93
174125 29 97 93
174250 60 75 93
174375 60 75 93
174500 29 97 93
174625 31 92 93
174750 24 102 93
174875 29 97 93
175000 31 92 93
175125 29 97 93
175250 60 75 93
175375 60 75 93
175500 29 97 93
175625 31 92 93
175750 24 95 93
175875 24 95 93
176000 29 97 93
176125 26 88 93
176250 31 92 93
176375 29 97 93
176500 60 75 93
176625 60 75 93
176750 29 97 93
176875 31 92 93
177000 24 95 93
177125 24 95 93
177250 31 92 93
177375 26 88 93
177500 60 75 93
177625 60 75 93
177750 29 97 93
177875 31 92 93
178000 26 88 93
178125 29 97 93
178250 24 95 93
178375 24 95 93
178500 29 97 93
178625 26 88 93
178750 31 92 93
178875 29 97 93
179000 34 101 93
179125 31 92 93
179250 60 75 93
179375 60 75 93
179500 31 92 93
179625 34 101 93
179750 29 97 93
179875 31 92 93
180000 24 95 93
180125 24 95 93
180250 31 92 93
180375 29 97 93
180500 34 101 93
180625 31 92 93
180750 36 104 93
180875 34 101 93
181000 60 75 93
181125 60 75 93
181250 34 101 93
181375 36 104 93
181500 31 92 93
181625 34 101 93
181750 29 97 93
181875 29 97 93
182000 34 101 93
182125 31 92 93
182250 36 104 93
182375 34 101 93
182500 60 75 93
182625 36 104 93
182750 60 75 93
182875 55 84 93
183000 62 83 93
183125 60 75 93
183250 67 85 93
183375 62 83 93
183500 72 89 93
183625 72 89 93
183750 62 83 93
183875 67 85 93
184000 60 75 93
184125 62 83 93
184250 55 84 93
184375 60 75 93
184500 39 77 93
184625 55 84 93
184750 34 101 93
184875 39 77 93
185000 32 77 93
185125 34 101 93
185250 29 77 93
185375 29 77 93
185500 34 101 93
185625 32 77 93
185750 39 77 93
185875 34 101 93
186000 53 85 93
186125 39 77 93
186250 55 84 93
186375 53 85 93
186500 60 75 93
186625 55 84 93
186750 67 85 93
186875 60 75 93
187000 72 89 93
187125 72 89 93
187250 60 75 93
187375 67 85 93
187500 55 84 93
187625 60 75 93
187750 53 85 93
187875 60 75 93
188000 32 77 93
188125 53 85 93
188250 31 79 93
188375 32 77 93
188500 29 77 93
188625 31 79 93
188750 26 81 93
188875 26 81 93
189000 31 79 93
189125 29 77 93
189250 53 85 93
189375 31 79 93
189500 60 75 93
189625 53 85 93
189750 60 75 93
189875 55 80 93
190000 60 75 93
190125 56 82 93
190250 72 89 93
190375 72 89 93
190500 56 82 93
190625 60 75 93
190750 55 80 93
190875 56 82 93
191000 53 85 93
191125 55 80 93
191250 31 79 93
191375 53 85 93
191500 26 81 93
191625 43 51 93
191750 55 80 93
191875 53 85 93
192000 56 82 93
192125 55 80 93
192250 60 75 93
192375 60 75 93
192500 55 80 93
192625 56 82 93
192750 53 85 93
192875 55 80 93
193000 43 51 93
193125 43 51 93
193250 55 80 93
193375 53 85 93
193500 56 82 93
193625 55 80 93
193750 60 75 93
193875 56 82 93
194000 67 84 93
194125 67 84 93
194250 55 80 93
194375 60 75 93
194500 50 101 93
194625 55 80 93
194750 46 98 93
194875 50 101 93
195000 43 51 93
195125 46 98 93
195250 34 100 93
195375 43 51 93
195500 29 88 93
195625 29 88 93
195750 46 98 93
195875 34 100 93
196000 48 92 93
196125 46 98 93
196250 50 101 93
196375 48 92 93
196500 55 80 93
196625 50 101 93
196750 67 84 93
196875 60 75 93
197000 48 92 93
197125 50 101 93
197250 46 98 93
197375 48 92 93
197500 36 83 93
197625 46 98 93
197750 34 100 93
197875 36 83 93
198000 29 88 93
198125 29 88 93
198250 36 83 93
198375 34 100 93
198500 48 92 93
198625 36 83 93
198750 60 75 93
198875 60 75 93
199000 36 83 93
199125 48 92 93
199250 34 100 93
199375 36 83 93
199500 32 98 93
199625 34 100 93
199750 31 96 93
199875 31 96 93
200000 34 100 93
200125 32 98 93
200250 60 75 93
200375 60 75 93
200500 34 100 93
200625 46 95 93
200750 32 98 93
200875 34 100 93
201000 31 96 93
201125 31 96 93
201250 34 100 93
201375 32 98 93
201500 46 95 93
201625 34 100 93
201750 60 75 93
201875 60 75 93
202000 34 100 93
202125 46 95 93
202250 32 98 93
202375 34 100 93
202500 31 96 93
202625 32 98 93
202750 29 92 93
202875 31 96 93
203000 27 95 93
203125 27 95 93
203250 31 96 93
203375 29 92 93
203500 46 95 93
203625 29 92 93
203750 53 97 93
203875 46 95 93
204000 60 75 93
204125 60 75 93
204250 46 95 93
204375 53 97 93
204500 29 92 93
204625 34 95 93
204750 27 95 93
204875 29 92 93
205000 26 73 93
205125 26 73 93
205250 29 92 93
205375 27 95 93
205500 31 100 93
205625 29 92 93
205750 34 95 93
205875 31 100 93
206000 46 96 93
206125 34 95 93
206250 46 96 93
206375 43 96 93
206500 53 97 93
206625 46 96 93
206750 60 75 93
206875 60 75 93
207000 46 96 93
207125 53 97 93
207250 43 96 93
207375 46 96 93
207500 34 95 93
207625 43 96 93
207750 31 100 93
207875 34 95 93
208000 26 73 93
208125 26 73 93
208250 31 100 93
208375 29 104 93
208500 34 95 93
208625 31 100 93
208750 43 96 93
208875 34 95 93
209000 46 96 93
209125 43 96 93
209250 48 93 93
209375 46 96 93
209500 60 75 93
209625 60 75 93
209750 46 96 93
209875 48 93 93
210000 43 96 93
210125 46 96 93
210250 34 95 93
210375 43 96 93
210500 29 104 93
210625 29 104 93
210750 43 96 93
210875 29 104 93
211000 46 96 93
211125 43 96 93
211250 48 93 93
211375 46 96 93
211500 60 75 93
211625 60 75 93
211750 43 96 93
211875 46 90 93
212000 34 95 93
212125 34 95 93
212250 46 90 93
212375 43 96 93
212500 60 75 93
212625 60 75 93
212750 43 96 93
212875 46 90 93
213000 34 95 93
213125 43 96 93
213250 31 100 93
213375 31 100 93
213500 43 96 93
213625 34 95 93
213750 46 90 93
213875 43 90 93
214000 60 75 93
214125 60 75 93
214250 43 90 93
214375 46 90 93
214500 34 95 93
214625 43 90 93
214750 31 100 93
214875 34 95 93
215000 29 87 93
215125 29 87 93
215250 34 95 93
215375 31 100 93
215500 43 90 93
215625 34 95 93
215750 60 75 93
215875 60 75 93
216000 34 95 93
216125 43 90 93
216250 31 100 93
216375 43 90 93
216500 29 87 93
216625 29 87 93
216750 43 90 93
216875 41 69 93
217000 60 75 93
217125 60 75 93
217250 41 69 93
217375 43 90 93
217500 31 100 93
217625 41 69 93
217750 29 87 93
217875 53 97 93
218000 41 69 93
218125 60 75 93
218250 60 75 93
218375 41 69 93
218500 53 97 93
218625 29 87 93
218750 29 87 93
218875 53 97 93
219000 41 69 93
219125 60 75 93
219250 60 75 93
219375 41 69 93
219500 53 97 93
219625 32 86 93
219750 41 69 93
219875 31 90 93
220000 31 90 93
220125 41 69 93
220250 32 86 93
220375 53 97 93
220500 41 69 93
220625 60 75 93
220750 60 75 93
220875 34 98 93
221000 53 97 93
221125 32 86 93
221250 34 98 93
221375 31 90 93
221500 32 86 93
221625 29 94 93
221750 29 94 93
221875 32 86 93
222000 31 90 93
222125 34 98 93
222250 32 86 93
222375 60 75 93
222500 60 75 93
222625 32 86 93
222750 34 98 93
222875 31 90 93
223000 32 86 93
223125 29 94 93
223250 29 94 93
223375 32 86 93
223500 31 90 93
223625 60 75 93
223750 60 75 93
223875 31 90 93
224000 34 98 93
224125 34 98 93
224250 29 94 93
224375 34 98 93
224500 31 98 93
224625 36 97 93
224750 34 98 93
224875 60 75 93
225000 60 75 93
225125 34 98 93
225250 36 97 93
225375 31 98 93
225500 34 98 93
225625 31 98 93
225750 32 91 93
225875 29 94 93
226000 29 94 93
226125 32 91 93
226250 31 98 93
226375 34 98 93
226500 32 91 93
226625 36 97 93
226750 34 98 93
226875 60 75 93
227000 60 75 93
227125 34 98 93
227250 36 97 93
227375 32 91 93
227500 34 98 93
227625 31 98 93
227750 32 91 93
227875 29 94 93
228000 29 94 93
228125 32 91 93
228250 31 98 93
228375 60 75 93
228500 60 75 93
228625 31 98 93
228750 32 91 93
228875 29 94 93
229000 29 94 93
229125 32 91 93
229250 31 98 93
229375 60 75 93
229500 60 75 93
229625 29 94 93
229750 31 98 93
229875 31 98 93
230000 29 94 93
230125 32 97 93
230250 29 94 93
230375 34 88 93
230500 32 97 93
230625 60 75 93
230750 60 75 93
230875 32 97 93
231000 34 88 93
231125 31 102 93
231250 32 97 93
231375 29 94 93
231500 29 94 93
231625 32 97 93
231750 31 102 93
231875 34 88 93
232000 32 97 93
232125 60 75 93
232250 60 75 93
232375 32 97 93
232500 34 88 93
232625 31 102 93
232750 32 97 93
232875 29 94 93
233000 29 94 93
233125 32 97 93
233250 31 102 93
233375 34 88 93
233500 32 97 93
233625 60 75 93
233750 60 75 93
233875 32 97 93
234000 34 88 93
234125 29 94 93
234250 29 94 93
234375 34 88 93
234500 31 102 93
234625 60 75 93
234750 60 75 93
234875 31 102 93
235000 34 88 93
235125 34 88 93
235250 29 94 93
235375 60 75 93
235500 60 75 93
235625 29 94 93
235750 34 88 93
235875 29 94 93
236000 29 94 93
236125 34 88 93
236250 32 96 93
236375 36 93 93
236500 34 88 93
236625 60 75 93
236750 60 75 93
236875 34 88 93
237000 36 93 93
237125 32 96 93
237250 34 88 93
237375 31 99 93
237500 32 96 93
237625 29 94 93
237750 29 94 93
237875 32 96 93
238000 31 99 93
238125 34 88 93
238250 32 96 93
238375 36 93 93
238500 34 88 93
238625 60 75 93
238750 60 75 93
238875 34 88 93
239000 36 93 93
239125 32 96 93
239250 34 88 93
239375 31 99 93
239500 32 96 93
239625 29 98 93
239750 29 98 93
239875 34 88 93
240000 31 99 93
240125 36 93 93
240250 31 99 93
240375 60 75 93
240500 29 98 93
240625 31 99 93
240750 31 99 93
240875 29 98 93
241000 60 75 93
241125 60 75 93
241250 29 98 93
241375 31 99 93
241500 31 99 93
241625 29 98 93
241750 60 75 93
241875 60 75 93
242000 31 99 93
242125 34 92 93
242250 31 99 93
242375 32 94 93
242500 29 98 93
242625 29 98 93
242750 32 94 93
242875 31 99 93
243000 34 92 93
243125 32 94 93
243250 60 75 93
243375 60 75 93
243500 32 94 93
243625 34 92 93
243750 31 99 93
243875 32 94 93
244000 29 98 93
244125 29 98 93
244250 32 94 93
244375 31 99 93
244500 34 92 93
244625 32 94 93
244750 60 75 93
244875 60 75 93
245000 32 94 93
245125 34 92 93
245250 31 99 93
245375 32 94 93
245500 29 98 93
245625 29 98 93
245750 32 94 93
245875 31 99 93
246000 34 92 93
246125 32 94 93
246250 60 75 93
246375 60 75 93
246500 31 99 93
246625 34 92 93
246750 29 98 93
246875 29 98 93
247000 34 92 93
247125 31 99 93
247250 60 75 93
247375 60 75 93
247500 31 99 93
247625 34 92 93
247750 29 98 93
247875 34 92 93
248000 34 92 93
248125 29 98 93
248250 60 75 93
248375 60 75 93
248500 31 99 93
248625 34 92 93
248750 29 98 93
248875 29 98 93
249000 34 92 93
249125 31 99 93
249250 60 75 93
249375 60 75 93
249500 31 99 93
249625 34 92 93
249750 29 98 93
249875 31 99 93
250000 24 94 93
250125 24 94 93
250250 31 99 93
250375 29 98 93
250500 34 92 93
250625 31 99 93
250750 60 75 93
250875 60 75 93
251000 31 99 93
251125 34 92 93
251250 29 98 93
251375 31 99 93
251500 24 94 93
251625 24 94 93
251750 31 99 93
251875 29 98 93
252000 34 92 93
252125 31 99 93
252250 60 75 93
252375 60 75 93
252500 29 98 93
252625 31 99 93
252750 24 94 93
252875 24 94 93
253000 31 99 93
253125 29 98 93
253250 60 75 93
253375 60 75 93
253500 29 98 93
253625 31 99 93
253750 31 99 93
253875 29 98 93
254000 29 98 93
254125 29 98 93
254250 34 92 93
254375 29 98 93
254500 60 75 93
254625 60 75 93
254750 32 99 93
254875 34 92 93
255000 31 98 93
255125 32 99 93
255250 29 98 93
255375 29 98 93
255500 32 99 93
255625 31 98 93
255750 34 92 93
255875 32 99 93
256000 60 75 93
256125 60 75 93
256250 32 99 93
256375 34 92 93
256500 31 98 93
256625 32 99 93
256750 29 98 93
256875 29 98 93
257000 32 99 93
257125 31 98 93
257250 34 92 93
257375 32 99 93
257500 60 75 93
257625 60 75 93
257750 32 99 93
257875 34 92 93
258000 31 98 93
258125 32 99 93
258250 29 94 93
258375 29 94 93
258500 32 99 93
258625 31 98 93
258750 34 92 93
258875 32 99 93
259000 60 75 93
259125 60 75 93
259250 32 99 93
259375 34 92 93
259500 31 98 93
259625 32 99 93
259750 29 94 93
259875 29 94 93
260000 34 92 93
260125 32 99 93
260250 60 75 93
260375 60 75 93
260500 32 99 93
260625 34 92 93
260750 31 99 93
260875 32 99 93
261000 29 94 93
261125 29 94 93
261250 32 99 93
261375 31 99 93
261500 34 92 93
261625 32 99 93
261750 60 75 93
261875 60 75 93
262000 32 99 93
262125 34 92 93
262250 31 99 93
262375 32 99 93
262500 29 94 93
262625 29 94 93
262750 32 99 93
262875 31 99 93
263000 34 92 93
263125 32 99 93
263250 60 75 93
263375 60 75 93
263500 32 99 93
263625 34 92 93
263750 31 99 93
263875 32 99 93
264000 29 94 93
264125 29 94 93
264250 32 99 93
264375 31 99 93
264500 60 75 93
264625 60 75 93
264750 31 99 93
264875 32 99 93
265000 29 94 93
265125 29 94 93
265250 32 99 93
265375 31 99 93
265500 60 75 93
265625 60 75 93
265750 31 99 93
265875 32 99 93
266000 29 94 93
266125 29 94 93
266250 32 99 93
266375 31 99 93
266500 34 91 93
266625 32 99 93
266750 36 101 93
266875 34 91 93
267000 60 75 93
267125 60 75 93
267250 34 91 93
267375 36 101 93
267500 32 99 93
267625 34 91 93
267750 31 99 93
267875 32 99 93
268000 29 94 93
268125 29 94 93
268250 32 99 93
268375 31 99 93
268500 34 91 93
268625 32 99 93
268750 36 101 93
268875 36 101 93
269000 32 99 93
269125 34 91 93
269250 31 99 93
269375 31 99 93
269500 34 91 93
269625 32 99 93
269750 36 101 93
269875 34 91 93
270000 41 88 93
270125 36 101 93
270250 46 92 93
270375 41 88 93
270500 60 5 93
270625 60 5 93
270750 41 88 93
270875 46 92 93
271000 34 91 93
271125 41 88 93
271250 31 99 93
271375 34 91 93
271500 29 71 93
271625 29 71 93
271750 41 88 93
271875 34 91 93
272000 44 90 93
272125 41 88 93
272250 46 92 93
272375 44 90 93
272500 60 5 93
272625 60 5 93
272750 44 90 93
272875 46 92 93
273000 43 87 93
273125 44 90 93
273250 41 88 93
273375 43 87 93
273500 29 71 93
273625 29 71 93
273750 41 88 93
273875 31 81 93
274000 43 87 93
274125 41 88 93
274250 44 90 93
274375 43 87 93
274500 46 92 93
274625 44 90 93
274750 53 83 93
274875 46 92 93
275000 60 5 93
275125 60 5 93
275250 46 92 93
275375 53 83 93
275500 43 87 93
275625 46 92 93
275750 41 71 93
275875 43 87 93
276000 31 81 93
276125 31 81 93
276250 43 87 93
276375 41 71 93
276500 60 5 93
276625 60 5 93
276750 41 71 93
276875 53 83 93
277000 31 81 93
277125 31 81 93
277250 53 83 93
277375 41 71 93
277500 60 5 93
277625 60 5 93
277750 41 71 93
277875 53 83 93
278000 31 81 93
278125 41 71 93
278250 53 83 93
278375 46 77 93
278500 60 5 93
278625 60 5 93
278750 46 77 93
278875 53 83 93
279000 43 87 93
279125 46 77 93
279250 41 71 93
279375 41 71 93
279500 46 77 93
279625 43 87 93
279750 60 5 93
279875 60 5 93
280000 43 87 93
280125 46 77 93
280250 41 71 93
280375 43 87 93
280500 38 83 93
280625 38 83 93
280750 43 87 93
280875 41 71 93
281000 46 77 93
281125 43 87 93
281250 60 5 93
281375 60 5 93
281500 43 87 93
281625 46 77 93
281750 41 71 93
281875 43 87 93
282000 38 83 93
282125 41 71 93
282250 34 55 93
282375 34 55 93
282500 41 71 93
282625 38 83 93
282750 46 77 93
282875 41 71 93
283000 60 5 93
283125 60 5 93
283250 41 71 93
283375 46 77 93
283500 38 83 93
283625 41 71 93
283750 34 55 93
283875 38 83 93
284000 26 52 93
284125 26 52 93
284250 38 83 93
284375 34 55 93
284500 43 47 93
284625 41 71 93
284750 46 77 93
284875 43 47 93
285000 58 63 93
285125 46 77 93
285250 60 5 93
285375 60 5 93
285500 46 77 93
285625 58 63 93
285750 43 47 93
285875 46 77 93
286000 26 52 93
286125 26 52 93
286250 46 77 93
286375 43 47 93
286500 58 63 93
286625 46 77 93
286750 60 5 93
286875 60 5 93
287000 46 77 93
287125 58 63 93
287250 43 47 93
287375 46 77 93
287500 26 52 93
287625 43 47 93
287750 53 22 93
287875 46 77 93
288000 58 63 93
288125 53 22 93
288250 60 5 93
288375 60 5 93
288500 53 22 93
288625 58 63 93
288750 46 77 93
288875 53 22 93
289000 43 47 93
289125 43 47 93
289250 53 22 93
289375 46 77 93
289500 58 63 93
289625 53 22 93
289750 60 5 93
289875 60 5 93
290000 53 22 93
290125 58 63 93
290250 48 1 93
290375 53 22 93
290500 48 1 93
290625 58 63 93
290750 53 22 93
290875 60 5 93
291000 60 5 93
291125 48 1 93
291250 53 22 93
291375 53 22 93
291500 48 1 93
291625 60 5 93
291750 60 5 93
291875 48 1 93
292000 53 22 93
292125 53 22 93
292250 48 1 93
292375 60 5 93
292500 60 5 93
292625 48 1 93
292750 53 22 93
292875 53 22 93
293000 48 1 93
293125 60 5 93
293250 60 5 93
293375 48 1 93
293500 53 22 93
293625 53 22 93
293750 60 5 93
293875 60 5 93
294000 60 5 93
294125 60 5 93
294250 60 5 93
294375 60 5 93
294500 60 5 93
294625 60 5 93
294750 60 5 93
294875 60 5 93
295000 60 5 93
295125 60 5 93
295250 60 5 93
295375 60 5 93
295500 60 5 93
295625 60 5 93
295750 60 5 93
295875 60 5 93
296000 60 5 93
296125 60 5 93
296250 60 5 93
296375 60 5 93
296500 60 5 93
296499 60 5 93
