-108.543 157.405 -231.175
-108.698 150.322 -235.771
-110.749 146.011 -237.519
-117.563 112.374 -252.093
segment
-117.563 112.381 -252.09
-134.868 112.374 -243.275
segment
-134.861 112.371 -243.28
-143.746 112.375 -238.136
-144.788 113.488 -236.974
-146.04 112.379 -236.734
-152.244 112.377 -232.794
segment
-152.224 112.378 -232.807
-166.948 112.386 -222.481
segment
-152.217 112.377 -232.812
-155.519 111.209 -231.185
-160.692 117.827 -224.266
segment
-115.029 100.143 -258.34
-90.494 112.784 -262.851
segment
-90.497 112.79 -262.847
-75.9383 119.558 -264.46
-67.5907 115.75 -268.39
-64.3225 118.128 -268.158
-57.396 119.667 -269.045
-54.2114 123.627 -267.913
-49.1727 124.458 -268.5
-44.1131 132.706 -265.411
-46.1468 135.472 -263.662
-42.931 151.053 -255.617
segment
-42.9273 151.053 -255.617
-45.6675 153.235 -253.837
-45.4454 157.333 -251.358
-50.646 160.836 -248.126
-50.175 164.148 -246.044
segment
-42.9453 151.059 -255.611
-40.2144 158.829 -251.309
-32.7 166.768 -247.223
-35.4223 170.545 -244.254
-34.5299 178.373 -238.727
-35.9733 180.309 -237.054
segment
31.1434 126.782 -270.105
30.5391 117.918 -274.158
segment
31.1434 126.782 -270.105
22.7802 126.787 -270.936
segment
40.1728 137.55 -263.565
22.7802 126.787 -270.936
segment
22.7802 126.787 -270.936
0.00404895 111.533 -278.497
segment
0.00675147 111.535 -278.496
-5.70678 108.006 -279.825
segment
25.3502 149.532 -258.839
32.5509 148.222 -258.787
39.6494 144.114 -260.113
segment
25.3502 149.532 -258.839
16.1313 154.555 -256.617
16.5899 157.706 -254.664
5.55298 159.928 -253.756
segment
5.55298 159.928 -253.756
4.46073 161.227 -252.955
6.70345 163.024 -251.75
7.92678 171.201 -246.226
9.46416 172.441 -245.305
segment
12.4541 173.244 -244.604
12.583 173.482 -244.429
segment
22.6574 175.664 -242.134
22.8462 175.979 -241.887
segment
60.1028 118.543 -268.952
57.2213 119.406 -269.199
segment
62.8579 109.161 -272.273
62.9193 115.962 -269.433
60.1026 118.546 -268.951
segment
82.2598 106.361 -268.18
81.4881 109.146 -267.295
62.8579 109.161 -272.273
segment
57.2213 119.406 -269.199
56.0635 131.511 -263.745
segment
56.0635 131.511 -263.745
40.6318 131.513 -266.559
segment
40.6318 131.513 -266.559
39.651 144.11 -260.115
segment
60.5584 139.299 -258.705
40.0371 139.298 -262.665
segment
82.0853 82.9974 -276.357
80.1986 85.2994 -276.21
71.5115 85.9365 -278.39
66.8883 83.0379 -280.412
64.0474 78.3872 -282.406
segment
60.6126 76.2526 -283.746
64.0446 78.3886 -282.407
segment
58.6635 80.4126 -283.006
60.6053 76.2596 -283.745
segment
58.6635 80.4126 -283.006
54.7571 78.1879 -284.409
segment
53.7799 79.8575 -284.131
54.764 78.1879 -284.407
segment
53.7797 79.8617 -284.13
27.6832 80.1589 -287.764
segment
27.6914 80.1631 -287.762
26.8494 83.978 -286.752
28.1012 85.5894 -286.155
30.5364 117.921 -274.157
segment
83.1172 70.4917 -279.504
75.3968 71.5516 -281.417
69.9153 70.0789 -283.197
segment
69.918 70.0789 -283.197
72.0577 68.7276 -282.992
75.63 70.1241 -281.714
84.2154 67.7971 -279.842
segment
61.4165 74.6112 -284.009
61.5256 76.4523 -283.495
segment
61.4165 74.6112 -284.009
60.9932 71.0967 -285
segment
57.6901 64.7657 -287.189
57.8918 67.6568 -286.481
61.0045 71.0924 -284.999
segment
57.6901 64.7657 -287.189
62.5428 63.983 -286.347
67.0577 65.6758 -284.939
76.2758 65.8701 -282.565
84.3062 64.0285 -280.701
segment
76.2907 57.0271 -284.478
74.7474 59.608 -284.358
70.0037 60.7593 -285.32
70.7894 63.1685 -284.603
segment
69.4002 63.875 -284.787
70.8063 63.1614 -284.6
segment
69.3904 63.8779 -284.789
69.3845 65.8304 -284.345
segment
57.7771 64.4604 -287.24
57.7741 62.7391 -287.621
55.2291 63.1017 -288.042
54.265 61.83 -288.5
segment
54.2744 61.8399 -288.496
52.5699 63.5211 -288.447
segment
52.5699 63.5211 -288.447
49.7909 62.5414 -289.153
47.5915 63.6633 -289.278
segment
47.6017 63.6533 -289.279
47.3872 64.9532 -289.025
segment
47.3986 64.9489 -289.024
45.7639 63.5183 -289.605
segment
44.8844 62.4148 -289.982
45.764 63.5154 -289.606
segment
44.8732 62.4148 -289.984
42.7586 59.1518 -290.986
segment
44.0544 57.0585 -291.21
42.7614 59.1518 -290.985
segment
44.0585 57.0657 -291.208
40.8861 53.5963 -292.328
41.7956 52.1489 -292.461
segment
41.8857 49.4942 -292.909
41.7956 52.1489 -292.461
segment
41.8855 49.5014 -292.908
39.9586 47.4618 -293.514
41.0376 45.9331 -293.609
39.4916 43.7127 -294.159
segment
42.5428 44.0479 -293.683
39.4986 43.7228 -294.157
segment
42.5457 44.045 -293.683
42.3447 39.7317 -294.327
44.8171 40.1728 -293.901
segment
44.8169 40.18 -293.9
47.1295 37.5682 -293.883
segment
47.1293 37.5754 -293.882
48.0997 38.7252 -293.576
segment
48.0896 38.7324 -293.577
49.0248 38.4497 -293.459
segment
48.3192 40.4221 -293.311
49.0293 38.4425 -293.459
segment
48.3135 40.425 -293.311
50.3582 44.7024 -292.345
segment
50.3624 44.7024 -292.345
55.1202 43.1716 -291.716
segment
54.3535 47.2219 -291.232
55.1271 43.1788 -291.713
segment
54.3534 47.2248 -291.231
57.3851 52.0114 -289.831
63.9891 51.3839 -288.557
segment
63.9891 51.3839 -288.557
66.1114 48.329 -288.606
segment
66.1044 48.3304 -288.608
68.1641 47.1142 -288.329
segment
54.6882 40.5763 -292.169
59.3159 36.1782 -291.844
segment
54.6797 40.5763 -292.171
52.8819 44.281 -291.964
segment
43.4552 33.6618 -294.921
38.4799 29.5166 -296.054
39.1714 22.7735 -296.559
segment
43.4552 33.6618 -294.921
44.6044 34.0014 -294.711
segment
43.7991 39.4693 -294.149
42.9056 36.6373 -294.647
44.6044 34.0014 -294.711
segment
16.1786 26.5959 -298.38
15.022 26.7422 -298.428
segment
14.1601 27.9545 -298.359
15.261 26.6697 -298.422
segment
14.1645 27.9545 -298.359
14.3886 29.2155 -298.227
segment
15.4184 29.4167 -298.156
14.4002 29.2228 -298.226
segment
15.4184 29.4167 -298.156
16.6965 35.2973 -297.448
13.0836 42.6865 -296.659
13.3532 45.7923 -296.184
segment
13.8658 49.4167 -295.577
13.3704 45.7966 -296.182
segment
13.8686 49.421 -295.576
18.9716 51.8108 -294.883
22.2331 50.022 -294.964
segment
28.0653 55.4199 -293.498
27.8133 53.6321 -293.854
22.2331 50.022 -294.964
segment
28.3837 54.3288 -293.671
31.9986 53.426 -293.465
segment
32.0058 53.4188 -293.466
32.0544 55.8815 -293.001
segment
32.0531 55.8743 -293.003
34.1153 55.5299 -292.835
segment
34.3788 53.8453 -293.119
34.1255 55.5185 -292.836
segment
34.3788 53.8482 -293.119
35.768 52.9493 -293.116
39.2005 54.4046 -292.41
40.9675 52.9494 -292.435
segment
28.0653 55.4199 -293.498
26.6987 59.7662 -292.772
27.6428 61.5026 -292.324
segment
23.8589 62.6879 -292.406
27.6428 61.5026 -292.324
segment
23.8587 62.695 -292.404
20.7826 69.489 -291.1
17.5228 68.8904 -291.457
segment
17.5142 68.8946 -291.456
16.2221 70.9412 -291.04
segment
-1.15199 77.6527 -289.774
-17.7906 79.4607 -288.738
segment
-17.7796 79.4509 -288.741
-21.0679 85.2757 -286.852
-20.9794 98.3962 -282.627
segment
-20.9794 98.3962 -282.627
-16.05 97.9317 -283.111
-15.9012 101.422 -281.888
-9.47994 103.764 -281.324
-5.71083 108.009 -279.824
segment
-20.9835 98.3962 -282.627
-28.8259 100.038 -281.357
-36.3613 106.788 -277.982
segment
16.2221 70.9455 -291.039
15.0485 70.6769 -291.167
segment
15.0484 70.684 -291.165
12.8223 73.8742 -290.479
10.7634 73.3849 -290.687
10.0104 75.1929 -290.251
3.4278 78.098 -289.636
-1.15199 77.6527 -289.774
segment
-1.15902 77.6556 -289.773
-2.47353 72.0698 -291.204
-6.5473 69.2697 -291.82
-5.04715 68.324 -292.073
-8.06314 65.5963 -292.63
-11.0056 65.7055 -292.509
-12.2844 61.8371 -293.301
segment
-11.86 60.7294 -293.549
-12.1649 63.6036 -292.928
-14.5105 64.3993 -292.647
segment
-11.8743 60.7265 -293.549
-9.76217 59.4426 -293.89
segment
-9.75926 59.4512 -293.888
-4.97401 57.2213 -294.45
segment
-4.97401 57.2213 -294.45
14.5624 57.2498 -294.126
segment
14.548 57.2641 -294.124
13.8687 49.4167 -295.577
segment
-6.26305 31.8821 -298.235
-3.56718 34.4421 -297.995
segment
-2.75103 35.6555 -297.861
-3.55566 34.4205 -297.998
segment
-2.75103 35.6555 -297.861
-3.52341 43.1241 -296.863
-2.01545 45.5651 -296.513
-2.61258 49.2388 -295.92
-1.18513 49.1571 -295.943
segment
-1.96063 53.5033 -295.184
-1.17795 49.1599 -295.942
segment
-1.97493 53.5033 -295.184
0.368799 55.377 -294.844
0.776309 57.9578 -294.347
segment
-4.71705 57.2213 -294.455
-4.01518 54.2516 -295.027
-7.01442 51.5372 -295.457
-8.36395 46.903 -296.193
-8.04717 36.5363 -297.658
segment
-8.04717 36.5363 -297.658
-9.36666 32.8205 -298.052
segment
-9.37968 32.8176 -298.052
-8.51365 32.4952 -298.113
segment
-36.3263 106.759 -277.998
-57.1217 119.729 -269.076
segment
-71.4662 117.225 -266.741
-73.1136 110.639 -269.097
-77.4855 104.276 -270.412
-76.638 89.3763 -275.932
segment
-14.143 33.2571 -297.815
-13.9145 41.2103 -296.83
segment
-14.4121 47.2104 -295.911
-13.9045 41.2002 -296.832
segment
-14.4121 47.2104 -295.911
-16.1772 47.9356 -295.703
-19.6149 54.5534 -294.345
-18.2316 61.1281 -293.14
segment
-18.4689 60.8049 -293.192
-18.6955 64.9177 -292.295
-21.6087 69.9389 -290.932
-28.1418 72.0275 -289.862
segment
-28.1335 72.0204 -289.865
-32.0868 70.8706 -289.737
-34.9809 67.7361 -290.152
-39.6169 69.2385 -289.2
-42.8657 67.8169 -289.073
segment
-14.5362 64.3879 -292.648
-18.2316 61.1281 -293.14
segment
-42.8629 67.8169 -289.074
-48.6824 66.5014 -288.457
-54.6936 69.4649 -286.676
-61.4868 68.0039 -285.648
segment
-61.4827 68.0039 -285.649
-67.1741 70.9469 -283.644
segment
-67.1741 70.9469 -283.644
-68.6553 71.1433 -283.24
segment
-68.6553 71.1433 -283.24
-71.8042 64.645 -284.016
segment
-74.294 63.1458 -283.713
-71.8042 64.645 -284.016
segment
-74.294 63.1458 -283.713
-74.3125 60.2336 -284.341
-71.0672 58.5827 -285.513
-67.6261 49.761 -288.011
-65.8205 48.7868 -288.596
segment
-65.8203 48.7911 -288.595
-61.3326 37.2147 -291.296
-58.3044 33.6213 -292.353
-56.9404 35.41 -292.411
segment
-56.9404 35.41 -292.411
-54.7383 37.258 -292.601
segment
-54.7383 37.258 -292.601
-50.8053 35.4894 -293.529
-46.7138 30.8898 -294.726
segment
-46.7138 30.8898 -294.726
-45.9737 30.424 -294.891
segment
-45.9737 30.4211 -294.891
-45.8351 27.1304 -295.234
segment
-45.8351 27.1304 -295.234
-44.6782 25.1584 -295.586
segment
-113.982 57.0114 -271.584
-110.46 56.2544 -273.192
-102.876 47.4733 -277.782
-95.9362 46.084 -280.486
segment
-96.8827 44.7412 -280.378
-95.9391 46.0797 -280.486
segment
-96.8827 44.7412 -280.378
-94.2824 41.9435 -281.694
-90.3653 41.6756 -283.015
segment
-86.0484 39.3958 -284.682
-90.3746 41.6828 -283.011
segment
-86.0488 39.3843 -284.683
-84.7218 41.0951 -284.839
segment
-83.9708 40.0791 -285.206
-84.7218 41.0951 -284.839
segment
-83.9665 40.0834 -285.207
-81.2838 39.0338 -286.128
-79.8375 40.4985 -286.332
segment
-79.8375 40.4985 -286.332
-71.4771 50.4952 -286.952
-72.7109 52.0157 -286.37
-79.8638 52.0429 -284.453
segment
-79.8467 52.0543 -284.455
-76.9961 54.838 -284.718
-76.148 62.7988 -283.298
segment
-76.1478 62.8031 -283.297
-73.5188 66.6163 -283.121
segment
-73.5084 66.6064 -283.126
-71.0628 67.9019 -283.442
segment
-137.784 26.2365 -265.193
-128.44 27.9038 -269.675
-126.706 25.9033 -270.693
-123.235 26.4597 -272.237
-115.524 24.1786 -275.807
segment
-115.524 24.1786 -275.807
-113.247 21.6625 -276.958
-105.085 23.1245 -280.04
-100.654 26.861 -281.331
-98.6909 26.2873 -282.08
segment
-98.6908 26.2902 -282.08
-95.5381 22.775 -283.467
-95.6353 18.2042 -283.765
segment
-95.6394 18.2071 -283.763
-85.5709 18.2797 -286.956
-83.6707 11.6297 -287.861
segment
-79.49 39.3107 -286.594
-74.2651 31.5885 -288.941
segment
-74.2651 31.5885 -288.941
-75.034 30.8942 -288.817
segment
-75.034 30.8942 -288.817
-74.9535 27.6779 -289.164
segment
-74.9535 27.6779 -289.164
-75.7669 26.7407 -289.04
segment
-75.7641 26.7407 -289.041
-78.0635 21.5203 -288.865
segment
-78.0635 21.516 -288.865
-78.4144 21.1721 -288.796
segment
-78.4144 21.1721 -288.796
-82.2625 16.2556 -288.043
segment
-82.2625 16.2556 -288.043
-83.1798 14.1624 -287.89
segment
-83.1799 14.1581 -287.89
-83.6707 11.6253 -287.861
segment
-126.848 40.7752 -268.788
-127.819 38.0689 -268.725
-136.17 30.1707 -265.608
-137.784 26.2395 -265.192
segment
-83.6707 11.6253 -287.861
-83.02 8.66 -288.154
segment
-75.4003 11.5338 -290.141
-83.02 8.66 -288.154
segment
-75.4003 11.5381 -290.141
-68.9417 11.326 -291.751
segment
-65.2709 11.9015 -292.571
-68.9346 11.3259 -291.753
segment
-65.268 11.9087 -292.572
-64.0443 12.1311 -292.833
segment
-64.0414 12.1355 -292.833
-59.0869 12.0584 -293.876
segment
-59.084 12.0584 -293.877
-58.9483 11.3594 -293.932
segment
-58.9555 11.3521 -293.931
-52.1745 11.3463 -295.21
segment
-52.1746 11.3434 -295.21
-51.0702 12.275 -295.366
segment
-58.9484 11.3492 -293.932
-59.0484 5.2968 -294.084
-51.0708 5.24881 -295.574
segment
-51.0708 5.24881 -295.574
-49.728 5.10775 -295.806
segment
-73.7507 7.31511 -290.701
-75.0263 4.60022 -290.431
-72.2661 1.83404 -291.16
-72.0919 -1.14174 -291.207
-75.1779 -2.96846 -290.413
-74.7402 -5.34334 -290.492
segment
-68.9346 11.3259 -291.753
-68.4217 6.40051 -292.023
segment
-73.7546 7.13772 -290.705
-68.4245 6.40051 -292.022
segment
-74.6835 -5.41314 -290.505
-73.1039 -12.9332 -290.669
-71.4613 -11.1428 -291.151
-68.0679 -12.3534 -291.915
-65.4141 -9.54825 -292.626
-64.7042 -12.134 -292.688
-60.6667 -12.3215 -293.543
-61.6919 -18.8691 -292.981
-59.1918 -18.8183 -293.5
-57.8248 -20.5265 -293.658
segment
-95.6394 18.2042 -283.763
-95.2485 16.0958 -284.022
segment
-95.2555 16.0886 -284.02
-94.6009 14.2961 -284.335
segment
-94.6009 14.2961 -284.335
-94.3122 13.6757 -284.461
segment
-94.3081 13.6757 -284.463
-93.7158 12.7051 -284.703
segment
-93.7395 12.6877 -284.696
-92.8678 7.56811 -285.164
segment
-92.8678 7.56811 -285.164
-92.4557 1.83986 -285.392
segment
-92.453 1.83986 -285.393
-91.3914 -1.65951 -285.736
segment
-91.3956 -1.65951 -285.734
-83.5973 -11.4437 -287.89
-83.5221 -16.0232 -287.693
segment
-83.5221 -16.0232 -287.693
-81.8933 -20.6716 -287.865
-80.0478 -21.4304 -288.328
segment
-80.0506 -21.4304 -288.327
-78.8097 -22.5255 -288.586
segment
-78.8027 -22.5284 -288.587
-74.4354 -25.5584 -289.493
segment
-74.4312 -25.5584 -289.494
-74.4535 -22.5502 -289.738
-69.3242 -25.5367 -290.761
segment
-69.3242 -25.5367 -290.761
-67.7294 -24.2322 -291.248
segment
-67.7294 -24.2322 -291.248
-66.2002 -22.9664 -291.702
-62.2694 -26.2206 -292.293
segment
-137.787 26.2322 -265.192
-141.903 22.7706 -263.334
-146.008 22.7039 -261.087
-147.969 24.2293 -259.842
-153.634 18.2725 -257.026
segment
-153.634 18.2725 -257.026
-153.252 13.4738 -257.551
-155.653 11.3943 -256.208
segment
-155.653 11.3943 -256.208
-152.116 6.46303 -258.494
segment
-149.817 4.34426 -259.877
-152.116 6.45867 -258.494
segment
-149.814 4.3399 -259.879
-148.687 -0.363608 -260.561
segment
-148.68 -0.360702 -260.565
-148.414 -2.49579 -260.705
segment
-148.418 -2.49579 -260.703
-148.128 -7.25259 -260.779
segment
-148.128 -7.24823 -260.779
-146.444 -8.86208 -261.679
segment
-146.453 -8.86208 -261.674
-144.775 -12.9739 -262.434
segment
-144.775 -12.9739 -262.434
-145.391 -14.3339 -262.023
segment
-146.178 -17.4623 -261.394
-146.936 -23.2709 -260.515
segment
-146.946 -23.2738 -260.509
-147.064 -32.8957 -259.403
-151.912 -42.7412 -255.139
segment
-151.912 -42.7412 -255.139
-143.386 -44.2349 -259.776
segment
-143.394 -44.2464 -259.77
-141.337 -48.8816 -260.066
segment
-145.775 -63.1813 -254.475
-142.354 -64.3524 -256.113
-140.065 -61.6705 -258.028
-141.337 -48.8844 -260.066
segment
-145.776 -63.1771 -254.476
-144.364 -69.6998 -253.576
-141.755 -69.4607 -255.109
-139.255 -64.8154 -257.696
-136.09 -63.9063 -259.607
-134.418 -60.7294 -261.235
-130.796 -61.9495 -262.783
segment
-130.796 -61.9495 -262.783
-126.451 -61.2107 -265.073
-125.916 -58.5813 -265.92
-121.46 -59.3599 -267.813
-119.751 -56.5715 -269.183
segment
-119.751 -56.5715 -269.183
-111.384 -58.5257 -272.339
segment
-111.384 -58.5285 -272.338
-112.042 -54.0012 -273.003
-109.958 -48.7495 -274.832
-110.433 -38.0242 -276.331
segment
-145.388 -14.3658 -262.023
-146.172 -17.4449 -261.399
segment
-110.433 -38.0242 -276.331
-104.417 -38.0372 -278.658
segment
-104.417 -38.0415 -278.657
-104.936 -36.1161 -278.719
segment
-104.936 -36.1161 -278.719
-99.4592 -37.1613 -280.583
-97.9006 -41.7346 -280.488
-89.5008 -42.1523 -283.219
segment
-89.5008 -42.1523 -283.219
-85.1512 -30.8421 -286.004
segment
-85.1512 -30.8421 -286.004
-68.0533 -30.6121 -290.571
segment
-68.0435 -30.6092 -290.574
-63.9499 -31.6319 -291.393
segment
-113.896 -90.8385 -262.252
-107.929 -83.5619 -267.149
segment
-107.932 -83.5688 -267.146
-109.384 -68.7771 -270.749
segment
-67.7336 -24.2351 -291.247
-64.4791 -26.6219 -291.777
segment
-64.4818 -26.6292 -291.776
-64.7567 -29.5832 -291.43
-63.078 -30.2113 -291.734
segment
-93.1768 -125.672 -255.978
-95.0779 -112.673 -261.276
-99.7381 -111.765 -259.925
-102.036 -94.2834 -265.893
segment
-102.033 -94.2861 -265.894
-112.808 -92.6996 -262.071
segment
-112.827 -92.7023 -262.062
-113.953 -95.1183 -260.705
-121.915 -91.6975 -258.318
segment
-117.478 -90.1022 -260.923
-121.919 -91.6975 -258.316
segment
-117.467 -90.1091 -260.925
-103.974 -92.7853 -265.67
segment
-90.2029 -89.4638 -271.771
-92.8693 -91.8831 -270.061
-103.957 -92.7812 -265.677
segment
-90.411 -89.6512 -271.64
-70.2647 -89.647 -277.536
segment
-70.4845 -89.4832 -277.533
-65.4905 -87.6684 -279.33
-58.4302 -88.9847 -280.478
segment
-68.8189 -117.876 -267.15
-69.7582 -118.109 -266.803
-70.1969 -115.475 -267.839
segment
-70.1792 -115.471 -267.846
-69.4193 -115.706 -267.942
segment
-145.355 -135.481 -224.759
-143.141 -135.545 -226.138
segment
-142.36 -135.445 -226.69
-143.141 -135.545 -226.138
segment
-142.38 -135.448 -226.676
-142.807 -131.311 -228.831
segment
-142.813 -131.317 -228.824
-140.565 -130.327 -230.773
-137.189 -135.197 -230.002
-139.151 -137.52 -227.432
-140.888 -137.544 -226.345
-142.36 -135.445 -226.69
segment
-142.813 -131.314 -228.825
-144.76 -123.89 -231.724
-144.078 -114.409 -236.964
segment
-136.255 -113.309 -242.065
-144.067 -114.396 -236.977
segment
-121.257 -125.036 -244.259
-125.46 -119.738 -244.791
-136.263 -113.315 -242.058
segment
-121.268 -125.03 -244.257
-118.877 -125.572 -245.153
segment
-118.447 -126.919 -244.667
-118.874 -125.549 -245.166
segment
-118.447 -126.919 -244.667
-116.815 -129.741 -243.97
segment
-116.818 -129.728 -243.976
-113.193 -130.702 -245.162
-106.168 -128.217 -249.577
-100.282 -134.614 -248.641
-94.5294 -135.711 -250.293
segment
-93.177 -125.671 -255.978
-95.8434 -130.867 -252.365
-94.5384 -135.715 -250.288
segment
-93.1764 -125.675 -255.977
-90.2271 -142.805 -247.923
segment
-90.2227 -142.79 -247.933
-86.2618 -145.162 -247.966
-81.555 -144.87 -249.723
-78.9564 -144.08 -251.012
-77.9207 -141.11 -253.015
-74.7687 -143.514 -252.613
segment
-126.477 -143.673 -231.002
-118.424 -148.372 -232.296
segment
-118.435 -148.379 -232.286
-119.103 -151.439 -229.958
segment
-119.732 -151.83 -229.373
-119.094 -151.436 -229.965
segment
-119.748 -151.83 -229.365
-121.775 -152.552 -227.813
-126.668 -149.646 -227.071
-128.489 -146.515 -228.088
-126.469 -143.669 -231.008
segment
-121.919 -91.6975 -258.316
-124.625 -100.004 -253.905
-130.68 -105.111 -248.745
segment
-130.669 -105.098 -248.757
-131.095 -110.287 -246.274
-135.368 -111.535 -243.383
segment
-135.364 -111.539 -243.384
-135.878 -112.7 -242.561
segment
-135.874 -112.688 -242.569
-136.245 -113.313 -242.069
segment
-121.904 -91.7155 -258.317
-129.651 -92.5211 -254.225
segment
-129.655 -92.5142 -254.225
-133.663 -87.8701 -253.797
-138.379 -85.3831 -252.113
segment
-138.38 -85.3803 -252.114
-141.091 -81.5511 -251.879
-146.254 -80.8454 -249.146
segment
-119.77 -56.5815 -269.172
-118.824 -67.0573 -267.178
-109.622 -67.5108 -270.971
-109.381 -68.7771 -270.75
segment
-166.747 -70.0195 -239.359
-169.906 -75.6349 -235.396
-168.583 -83.0057 -233.858
segment
-168.583 -83.0057 -233.858
-165.507 -85.4584 -235.168
segment
-165.507 -85.4584 -235.168
-165.622 -88.3831 -234.004
segment
-165.62 -88.3928 -234.002
-162.527 -82.35 -238.335
-164.639 -75.815 -239.052
-160.908 -75.5983 -241.647
-159.472 -72.6358 -243.501
segment
-159.473 -72.633 -243.501
-158.229 -70.1086 -245.048
-159.652 -65.4643 -245.409
-161.318 -64.9262 -244.461
-161.607 -56.6015 -246.332
-163.388 -54.5648 -245.616
-161.092 -49.4167 -248.208
segment
-144.067 -114.396 -236.977
-150.086 -109.206 -235.687
segment
-150.1 -109.195 -235.683
-150.894 -105.546 -236.836
-153.618 -102.759 -236.31
-153.273 -97.7365 -238.653
-155.04 -94.7182 -238.728
segment
-159.484 -72.6401 -243.492
-145.833 -77.5502 -250.437
segment
-145.833 -77.5502 -250.437
-146.254 -80.8454 -249.146
segment
-146.254 -80.8454 -249.146
-146.335 -82.7332 -248.478
-149.773 -82.8352 -246.387
-155.51 -86.3001 -241.597
segment
-155.506 -86.2987 -241.599
-156.418 -86.2513 -241.027
segment
-156.418 -86.2513 -241.027
-156.148 -89.4429 -240.037
segment
-155.204 -93.2098 -239.214
-156.118 -89.4999 -240.036
segment
-155.204 -93.2098 -239.214
-155.044 -94.7513 -238.712
segment
-148.125 -7.2555 -260.78
-149.719 -7.68297 -259.856
-152.155 -5.5571 -258.492
segment
-152.155 -5.5571 -258.492
-153.371 -5.22699 -257.779
segment
-153.371 -5.22409 -257.779
-167.39 -5.2459 -248.904
segment
-167.39 -5.2459 -248.904
-177.441 -11.9262 -241.604
segment
-151.908 -42.7527 -255.14
-153.534 -44.8347 -253.806
segment
-153.531 -44.8362 -253.807
-160.936 -49.0294 -248.386
segment
-177.444 -11.9305 -241.602
-183.096 -15.9695 -237.11
segment
-183.096 -15.9695 -237.11
-183.426 -19.1042 -236.622
segment
-183.429 -19.1042 -236.62
-188.996 -24.4293 -231.698
segment
-161.091 -49.4182 -248.209
-161.316 -49.0581 -248.134
segment
-161.316 -49.0581 -248.134
-165.054 -50.5382 -245.363
segment
-168.424 -60.1439 -240.865
-167.233 -57.8308 -242.257
-167.373 -51.9655 -243.487
-165.919 -49.7639 -244.938
-165.053 -50.5454 -245.362
segment
-168.398 -60.1823 -240.874
-165.523 -63.6036 -241.985
-165.669 -69.4338 -240.276
-166.746 -70.0209 -239.359
segment
-166.566 -62.2554 -241.619
-166.563 -62.2597 -241.62
segment
-167.042 -62.4347 -241.244
-167.042 -62.4318 -241.245
segment
-168.398 -60.1823 -240.874
-170.331 -60.1823 -239.511
segment
-170.333 -60.1823 -239.509
-178.334 -60.9088 -233.425
-181.103 -58.6897 -231.856
-183.021 -59.3756 -230.169
segment
-183.031 -59.3799 -230.16
-191.335 -54.5648 -224.529
segment
-117.563 112.374 -252.093
-119.096 102.926 -255.387
-114.713 102.281 -257.642
-115.029 100.143 -258.34
segment
-68.6556 71.1391 -283.241
-67.8465 75.0718 -282.42
-76.6541 87.2121 -276.619
segment
-76.6541 87.2121 -276.619
-76.6369 89.3735 -275.933
segment
-117.468 81.1773 -263.84
-115.02 100.141 -258.345
segment
-117.468 81.1773 -263.84
-113.029 80.7894 -265.89
-108.774 66.4731 -271.569
segment
-108.77 66.4773 -271.569
-111.297 65.7765 -270.715
-112.973 60.1325 -271.332
-114.642 59.0947 -270.86
-113.982 57.0114 -271.584
segment
-114.517 56.8415 -271.394
-118.724 51.0514 -270.737
-118.253 45.6528 -271.905
-121.874 44.8534 -270.435
-122.031 43.1745 -270.637
-126.847 40.7738 -268.789
segment
-168.851 24.0655 -246.8
-172.55 26.1366 -244.015
-174.486 24.167 -242.838
segment
-145.388 -14.3658 -262.023
-147.868 -14.6506 -260.615
segment
-147.872 -14.6549 -260.613
-149.834 -12.2619 -259.614
segment
-149.834 -12.2619 -259.614
-151.481 -12.227 -258.658
segment
-152.44 -12.5627 -258.078
segment
-152.461 -12.5525 -258.066
-153.4 -12.4639 -257.513
segment
-153.4 -12.461 -257.513
-153.858 -10.7155 -257.319
segment
-153.858 -10.7155 -257.319
-152.811 -7.18862 -258.064
segment
-152.811 -7.18862 -258.064
-152.161 -5.5571 -258.488
segment
-151.487 -12.2299 -258.654
-152.458 -12.5583 -258.067
segment
-152.458 -12.5583 -258.067
-152.204 -13.8617 -258.151
segment
-151.996 -15.4248 -258.184
-152.201 -13.8646 -258.152
segment
-151.993 -15.4248 -258.187
-153.552 -16.1743 -257.216
-151.741 -18.557 -258.128
segment
-151.741 -18.5613 -258.128
-151.483 -19.8096 -258.187
segment
-148.6 -23.0404 -259.59
-151.483 -19.8096 -258.187
segment
-148.604 -23.0404 -259.588
-146.934 -23.2637 -260.517
segment
-153.595 18.2681 -257.051
-155.554 19.7965 -255.756
-159.18 18.451 -253.616
-165.467 19.8357 -249.454
-167.286 22.0904 -248.047
segment
-167.292 22.0904 -248.043
-171.87 10.6835 -245.656
-170.006 5.82467 -247.111
segment
-170 5.83194 -247.115
-168.442 3.15754 -248.228
segment
-168.442 3.15754 -248.228
-167.775 1.229 -248.697
segment
-167.777 1.23918 -248.695
-167.398 -5.24445 -248.898
segment
-167.288 22.0904 -248.046
-169.092 24.1148 -246.63
-175.502 24.1612 -242.106
segment
-196.534 14.7639 -226.178
-196.789 -4.53477 -226.393
-198.927 -8.75449 -224.392
segment
-199.918 20.8747 -222.704
-196.523 14.8263 -226.183
segment
-195.414 22.4313 -226.518
-197.324 20.6571 -225.025
-200.501 21.8424 -222.087
segment
-195.417 22.4342 -226.515
-190.296 18.2696 -231.201
-184.701 19.0709 -235.631
-179.157 23.4362 -239.486
segment
-179.157 23.4362 -239.486
-175.512 24.1742 -242.097
segment
-200.501 21.8424 -222.087
-207.534 25.941 -215.074
-211.175 25.6381 -211.537
segment
-211.175 25.6381 -211.537
-220.736 41.7678 -198.825
segment
-220.736 41.7678 -198.825
-217.312 41.7577 -202.563
segment
-217.312 41.7577 -202.563
-205.867 46.9677 -213.103
segment
-205.867 46.9677 -213.103
-200.722 53.406 -216.468
-199.885 55.1725 -216.799
-200.624 57.2613 -215.572
segment
-200.624 57.2613 -215.572
-201.46 59.6921 -214.127
segment
-200.624 57.2584 -215.572
-196.236 57.1899 -219.592
-195.828 60.1524 -219.165
-197.795 65.0455 -215.977
-200.047 65.9993 -213.601
segment
-175.512 24.1786 -242.097
-174.771 27.869 -242.236
-171.681 29.5325 -244.24
-169.905 34.5317 -244.826
segment
-169.905 34.5317 -244.826
-165.627 39.4347 -247.007
-162.381 40.6325 -248.96
-162.512 44.0004 -248.302
segment
-165.008 43.6436 -246.714
-162.512 44.0004 -248.302
segment
-165.012 43.6436 -246.711
-166.353 44.6621 -245.626
-166.208 54.6964 -243.687
-167.008 56.4358 -242.741
-168.682 56.3444 -241.602
-168.701 58.3844 -241.104
segment
-168.701 58.3844 -241.104
-170.596 65.2996 -237.977
-172.605 65.9922 -236.332
segment
-172.603 65.9893 -236.334
-173.092 73.5668 -233.724
-172.014 78.4069 -232.945
segment
-172.015 78.4027 -232.946
-172.659 87.4834 -229.207
-174.312 87.8979 -227.792
segment
-174.312 87.8979 -227.792
-174.378 89.2888 -227.2
segment
-174.378 89.2888 -227.2
-177.131 90.374 -224.627
-178.004 92.6691 -222.995
segment
-148.921 198.88 -168.135
-152.344 199.127 -164.742
-157.347 195.537 -164.338
segment
-157.345 195.534 -164.344
-158.325 193.374 -165.951
-162.842 191.359 -163.902
segment
-160.287 181.879 -176.715
-161.349 180.794 -176.861
segment
-160.277 181.887 -176.716
-152.801 179.281 -185.77
segment
-152.801 179.282 -185.768
-143.365 179.848 -192.617
segment
-143.365 179.848 -192.617
-144.427 177.583 -193.921
-143.559 177.279 -194.841
segment
-143.912 176.394 -195.382
-143.551 177.284 -194.842
segment
-143.914 176.391 -195.384
-142.526 176.025 -196.727
segment
-144.97 170.558 -199.734
-146.076 170.71 -198.796
segment
-146.076 170.71 -198.796
-147.812 167.036 -200.626
segment
-147.811 167.035 -200.627
-146.116 164.483 -203.949
segment
-146.116 164.483 -203.95
-146.673 162.943 -204.785
segment
-146.689 162.93 -204.783
-146.908 162.578 -204.905
segment
-146.908 162.58 -204.905
-146.99 162.292 -205.074
segment
-146.99 162.292 -205.074
-146.928 162.139 -205.239
segment
-146.928 162.139 -205.239
-146.907 161.86 -205.474
segment
-147.158 162.007 -205.178
-148.176 162.068 -204.396
segment
-148.176 162.068 -204.396
-152.228 160.644 -202.534
-156.957 165.048 -195.252
segment
-144.523 163.804 -205.625
-146.118 164.483 -203.948
segment
-146.907 161.86 -205.474
-147.291 160.721 -206.093
segment
-147.291 160.721 -206.093
-145.663 161.197 -206.876
-145.952 158.91 -208.436
segment
-145.953 158.91 -208.435
-146.585 158.233 -208.507
segment
-146.586 158.233 -208.506
-146.511 156.652 -209.75
-148.465 156.737 -208.307
segment
-148.463 156.738 -208.307
-149.022 154.257 -209.755
segment
-149.022 154.257 -209.755
-148.969 151.879 -211.521
segment
-148.972 151.879 -211.519
-149.547 147.96 -213.877
segment
-149.559 148.074 -213.79
-149.622 147.937 -213.841
segment
-144.477 155.499 -212.006
-144.116 155.976 -211.901
segment
-149.439 147.676 -214.149
-144.546 155.391 -212.038
-144.697 157.181 -210.611
segment
-149.827 147.092 -214.28
-154.121 146.322 -211.747
-155.841 149.437 -208.284
-158.011 149.971 -206.255
-158.542 152.804 -203.754
-153.982 156.746 -204.255
-160.732 160.029 -196.357
segment
-160.732 160.029 -196.357
-156.959 165.045 -195.254
segment
-223.455 97.6897 -174.713
-223.645 95.805 -175.511
-229.838 85.8654 -172.632
segment
-206.903 78.1794 -202.68
-206.553 76.4579 -203.691
-207.482 74.8605 -203.339
-209.024 75.4378 -201.539
-208.976 73.5499 -202.286
-206.336 72.0261 -205.518
segment
-205.361 72.1489 -206.449
-206.336 72.0261 -205.518
segment
-205.361 72.1489 -206.449
-204.992 71.7747 -206.946
segment
-204.992 71.7747 -206.946
-203.802 67.7064 -209.477
-202.376 68.1144 -210.723
-201.564 65.9085 -212.198
segment
-200.651 89.6914 -204.192
-196.441 90.123 -208.06
-196.726 86.6817 -209.249
-195.526 84.588 -211.221
segment
-160.732 160.023 -196.362
-175.801 153.288 -188.672
segment
-175.801 153.288 -188.672
-178.67 151.717 -187.24
-179.898 148.183 -188.888
-181.45 147.542 -187.902
segment
-156.963 165.036 -195.258
-162.372 169.574 -186.762
segment
-162.372 169.574 -186.762
-159.475 177.728 -181.605
-161.347 180.803 -176.854
segment
-77.3354 212.113 -197.554
-72.0145 216.221 -195.096
segment
-72.0145 216.221 -195.096
-68.0141 215.688 -197.111
segment
-72.0156 216.231 -195.084
-74.5605 216.67 -193.636
-76.4964 221.99 -186.732
-78.1701 222.781 -185.09
segment
-78.1696 222.782 -185.089
-80.1753 222.975 -183.995
segment
-99.4953 213.785 -185.463
-101.627 212.963 -185.253
segment
-82.3116 222.674 -183.415
-84.9744 221.946 -183.083
-88.6712 223.595 -179.283
segment
-88.6712 223.595 -179.283
-90.3759 223.685 -178.318
-96.492 219.148 -180.73
-99.498 213.785 -185.461
segment
-82.3093 222.675 -183.415
-80.1749 222.976 -183.994
segment
-101.627 212.963 -185.253
-102.776 213.688 -183.778
-104.585 212.915 -183.655
segment
-67.0323 227.146 -184.15
-72.0528 227.834 -181.383
-75.3843 226.682 -181.473
segment
-75.0895 224.377 -184.436
-70.5044 224.95 -185.545
-65.2719 223.184 -189.548
segment
-212.391 124.674 -171.308
-212.59 124.981 -170.837
segment
-223.626 131.82 -150.383
-224.938 129.796 -150.185
segment
-212.391 124.675 -171.308
-211.225 125.593 -172.077
segment
-197.131 143.356 -174.896
-195.115 143.333 -177.161
-193.12 145.473 -177.601
-190.269 145.918 -180.293
segment
-190.269 145.918 -180.293
-186.39 147.521 -183.021
-184.239 146.385 -186.085
segment
-184.239 146.385 -186.085
-181.442 147.576 -187.883
segment
-192.886 150.064 -173.999
-190.471 149.71 -176.94
-190.279 145.921 -180.281
segment
-190.272 145.912 -180.295
-187.59 144.416 -184.266
-184.245 146.382 -186.081
segment
-194.993 149.701 -171.951
-194.793 149.83 -172.066
segment
-194.793 149.83 -172.066
-192.379 152.087 -172.8
segment
-192.379 152.087 -172.8
-188.093 159.082 -171.213
-181.326 163.304 -174.507
-179.391 166.162 -173.808
segment
-179.387 166.164 -173.81
-177.223 167.836 -174.422
-176.582 171.686 -171.298
segment
-176.582 171.686 -171.298
-175.914 175.157 -168.447
-172.935 176.347 -170.279
-168.443 181.229 -169.656
segment
-168.443 181.229 -169.656
-165.034 184.515 -169.463
-164.886 185.951 -168.032
-161.2 190.315 -166.718
-162.757 191.423 -163.913
segment
-162.745 191.431 -163.915
-168.378 188.208 -161.947
-171.42 191.71 -154.475
segment
-171.42 191.71 -154.475
-173.284 190.357 -154.067
segment
-174.054 188.721 -155.207
-173.284 190.357 -154.067
segment
-174.054 188.721 -155.207
-175.121 187.177 -155.875
-177.016 186.53 -154.505
segment
-192.694 182.009 -140.505
-194.31 182.493 -137.622
segment
-194.31 182.493 -137.622
-194.344 184.705 -134.59
segment
-194.344 184.705 -134.59
-197.911 185.64 -127.942
-203.681 183.189 -122.295
-209.395 179.06 -118.706
-210.831 179.078 -116.11
segment
-213.904 174.659 -117.214
-210.831 179.078 -116.11
segment
-215.56 171.269 -119.166
-213.902 174.663 -117.212
segment
-215.56 171.269 -119.166
-216.153 168.311 -122.267
-218.382 165.832 -121.693
-219.092 163.543 -123.501
-223.312 156.871 -124.592
-225.97 155.611 -121.338
segment
-225.97 155.611 -121.338
-226.764 154.268 -121.57
segment
-226.764 154.268 -121.57
-227.253 149.377 -126.659
segment
-227.256 149.374 -126.658
-230.727 145.37 -125.03
segment
-230.727 145.37 -125.03
-234.564 142.093 -121.611
segment
-234.564 142.093 -121.611
-237.256 137.314 -121.878
-238.181 137.287 -120.091
-239.233 134.495 -121.155
segment
-239.233 134.495 -121.155
-238.015 132.82 -125.33
segment
-238.015 132.82 -125.33
-237.355 132.486 -126.925
-238.812 127.719 -129.061
segment
-230.876 180.651 -63.7288
-229.036 178.174 -76.1335
-229.428 176.986 -77.7093
-231.885 174.055 -77.0354
-234.973 168.223 -80.5512
-233.555 167.978 -85.0609
-235.815 165.127 -84.4056
-235.572 163.621 -87.9428
-238.457 157.457 -91.3534
-236.729 158.158 -94.5785
segment
-213.901 174.663 -117.215
-217.737 173.176 -112.253
-216.87 175.714 -109.965
-218.179 177.897 -103.686
-216.445 181.001 -101.933
-217.279 181.935 -98.434
segment
-236.729 158.157 -94.5822
-236.46 156.908 -97.2955
-237.218 156.04 -96.8459
segment
-237.218 156.04 -96.8459
-236.6 155.509 -99.1837
segment
-236.6 155.509 -99.1837
-236.023 153.675 -103.33
-238.147 149.438 -104.662
-236.845 148.127 -109.375
-232.018 147.352 -120.228
-227.262 149.37 -126.652
segment
-230.603 181.543 -62.1628
-228.084 182.455 -68.4659
-228.38 179.207 -75.6794
-224.905 183.856 -74.9299
-221.966 186.563 -76.9759
-222.567 184.443 -80.2801
-223.694 182.958 -80.5423
-222.822 182.745 -83.3947
-223.764 181.194 -84.2521
-222.702 181.879 -85.5802
-222.409 180.449 -89.2876
-216.822 182.789 -97.8586
-217.28 181.936 -98.4294
segment
-230.585 181.549 -62.2142
-230.869 180.659 -63.7305
segment
-230.864 180.665 -63.7316
-233.387 179.102 -58.76
-236.249 175.539 -58.0743
-238.738 174.214 -51.514
segment
-238.738 174.216 -51.5091
-239.948 171.302 -55.5006
-239.637 169.819 -61.1222
-237.193 170.515 -68.2965
-241.175 164.493 -69.1129
-245.33 160.322 -64.1095
segment
-245.331 160.324 -64.102
-246.337 157.192 -67.8884
segment
-246.34 157.18 -67.9048
-247.835 154.834 -67.8542
-251.805 140.525 -82.7459
-250.706 139.567 -87.5641
-249.622 141.023 -88.3251
-249.651 139.62 -90.4464
segment
-249.651 139.619 -90.4502
-250.943 135.031 -93.7792
-252.289 134.261 -91.2361
-253.998 130.772 -91.5618
-257.867 125.295 -88.3503
segment
-257.11 123.498 -92.9655
-258.351 123.254 -89.7947
-257.864 125.299 -88.3523
segment
-257.106 123.502 -92.9711
-256.644 122.953 -94.954
segment
-255.711 123.307 -96.9908
-256.645 122.948 -94.9598
segment
-255.715 123.308 -96.9794
-254.894 123.611 -98.7402
-255.039 120.337 -102.343
segment
-248.101 162.305 -45.8608
-248.732 160.657 -48.1859
-247.817 161.757 -49.2065
-248.186 160.728 -50.6946
-251.426 155.871 -49.8927
-251.737 155.989 -47.9152
-256.095 150.93 -40.4431
segment
-265.348 139.754 7.69382
-264.979 140.18 11.6451
-260.697 146.939 21.1189
segment
-260.696 146.942 21.1074
-261.102 145.634 24.8283
-259.872 147.251 27.9915
-261.33 144.202 30.2061
-262.205 142.863 28.9619
-262.162 141.873 33.8111
segment
-262.163 141.87 33.8113
-263.847 139.15 31.9693
-264.92 136.785 33.278
-264.648 137.909 30.6976
-265.426 136.995 27.9572
-267.1 134.449 24.1096
-268.766 131.175 23.6151
segment
-268.766 131.175 23.619
-273.545 121.561 19.9039
-273.395 122.453 16.1323
-274.041 120.982 16.2704
segment
-274.041 120.982 16.2704
-276.176 116.204 14.9504
segment
-277.353 113.316 15.3325
-276.176 116.204 14.9504
segment
-277.354 113.312 15.3299
-277.903 112.296 12.6371
segment
-256.1 150.919 -40.4515
-256.629 150.108 -40.1156
-255.912 151.921 -37.805
-260.573 145.767 -29.2177
-260.111 146.877 -27.7404
-261.487 144.589 -26.8094
-262.223 143.985 -22.5189
segment
-262.224 143.985 -22.5151
-263.173 142.311 -22.0761
-264.158 140.945 -18.8347
-265.072 140.226 -8.57721
segment
-256.095 150.93 -40.4431
-256.055 150.792 -41.2031
segment
-256.055 150.792 -41.2031
-258.236 145.958 -44.8385
segment
-258.236 145.958 -44.8385
-259.116 144.376 -44.8864
-262.415 140.387 -37.8121
-264.686 137.793 -30.8957
-264.725 138.299 -28.1794
segment
-264.722 138.304 -28.1842
-266.911 135.122 -22.3805
-268.023 134.013 -14.2901
segment
-268.025 134.008 -14.2993
-268.55 133.378 -9.5643
-266.635 137.186 -9.25027
segment
-266.635 137.186 -9.25027
-265.071 140.227 -8.59259
segment
-265.073 140.223 -8.59515
-264.653 141.157 -5.79272
-266.489 137.689 -5.03412
segment
-266.487 137.692 -5.03799
-264.164 142.188 -0.32785
-265.349 139.753 7.67966
segment
-266.49 137.687 -5.03027
-266.888 136.884 -5.81705
segment
-266.891 136.877 -5.81973
-267.928 134.953 -1.4704
-267.488 135.503 9.4227
-266.121 138.167 9.45596
-265.351 139.749 7.68109
segment
-278.847 110.574 -4.20331
-278.281 111.972 -4.66312
segment
-278.281 111.972 -4.66312
-277.886 112.954 -4.54324
segment
-276.845 115.458 -5.11029
-277.886 112.954 -4.54324
segment
-276.847 115.454 -5.11032
-273.763 122.538 -6.17542
segment
-273.763 122.538 -6.17542
-272.532 125.069 -9.16913
segment
-272.53 125.073 -9.16238
-271.264 128.035 -4.7731
-269.924 130.627 -8.80362
-268.357 133.883 -7.75757
-269.07 132.589 -4.65356
segment
-269.069 132.59 -4.64697
-268.652 133.419 -5.05286
-269.565 131.622 -3.20459
-269.516 131.757 -1.05579
-271.252 128.147 -0.706238
-271.345 127.613 9.31622
-271.878 126.261 11.856
segment
-271.877 126.263 11.8519
-273.157 123.69 9.28427
segment
-273.157 123.69 9.28427
-273.995 122.014 6.26166
-275.911 117.602 6.5437
-275.518 118.507 6.75494
-276.071 117.131 8.0798
-274.424 120.76 10.417
segment
-274.424 120.76 10.421
-277.904 112.294 12.6236
segment
-277.904 112.294 12.6236
-279.016 109.477 12.8354
-279.603 108.198 10.748
segment
-291.693 53.8725 44.8654
-289.53 61.2477 49.2057
-288.146 69.1933 46.7382
segment
-288.145 69.1961 46.7395
-286.645 78.3072 41.2623
-284.372 84.4889 44.6544
-283.018 91.8526 38.2599
segment
-282.013 95.6078 36.4367
-283.018 91.8526 38.2599
segment
-282.013 95.6078 36.4367
-281.797 95.5403 38.2437
-279.51 101.557 39.5023
-278.716 101.764 44.2924
-277.384 104.516 46.1998
segment
-277.384 104.516 46.1998
-276.931 104.307 49.2874
segment
-293.477 33.5433 52.4039
-292.845 33.9653 55.569
-292.944 29.8842 57.3671
-292.191 30.0564 61.0019
-291.605 32.5805 62.491
segment
-286.401 60.5057 65.6779
-285.065 69.547 62.4611
-283.492 73.4357 65.112
-282.296 74.8492 68.6033
-280.456 74.3562 76.2582
segment
-280.454 74.3689 76.2533
-280.046 73.1437 78.8946
segment
-280.048 73.1409 78.888
-279.812 72.2096 80.5653
-278.79 74.8352 81.7058
segment
-278.793 74.8352 81.695
-278.298 75.6152 82.6601
segment
-278.3 75.6138 82.6549
-278.234 74.2364 84.1112
-276.667 76.1626 87.4909
segment
-275.147 87.2037 81.791
-275.495 85.8431 82.0587
segment
-275.458 84.9689 83.0842
-275.49 85.8501 82.0688
segment
-275.458 84.9703 83.0841
-274.976 83.098 86.5047
-275.737 81.8058 85.3064
-275.737 78.9571 87.9474
-276.673 76.1541 87.4781
segment
-276.671 76.1682 87.4744
-277.74 72.2195 87.4349
segment
-277.737 72.2392 87.4267
-277.918 71.5389 87.4301
segment
-277.921 71.5403 87.4192
-279.481 64.0583 88.245
-281.538 61.7047 83.2409
segment
-281.538 61.7118 83.2336
-281.766 60.6553 83.2414
segment
-281.76 60.6824 83.2398
-282.748 60.3049 80.1058
segment
-282.748 60.2992 80.1089
-282.85 59.2972 80.4977
segment
-282.85 59.2958 80.4978
-282.953 56.7958 81.9245
-284.261 56.7044 77.334
-285.721 54.2702 73.6089
segment
-271.167 114.309 58.3271
-271.706 110.685 62.6465
-272.526 108.91 62.1943
-272.956 106.678 64.1496
-271.629 107.244 68.674
-271.662 106.09 70.3171
-272.173 103.097 72.7545
-273.415 100.703 71.4372
-273.731 100.938 69.8777
segment
-273.733 100.93 69.8798
-274.013 101.101 68.525
segment
-274.017 101.092 68.5206
-274.461 99.6964 68.7871
segment
-274.461 99.7018 68.7814
-274.884 99.1228 67.9223
segment
-274.881 99.131 67.923
-274.297 96.2156 74.1879
-275.145 87.2079 81.7934
segment
-273.731 110.266 53.9687
-276.927 104.319 49.2853
segment
-276.925 104.322 49.2891
-276.835 103.382 51.7139
segment
-276.841 103.37 51.7094
-277.903 100.67 51.3363
-277.204 100.541 55.2231
-280.725 90.8468 54.2243
-280.594 90.3491 55.7119
segment
-280.592 90.3629 55.7015
-279.823 91.782 57.2315
segment
-279.821 91.7834 57.2382
-278.776 93.5526 59.4294
-278.341 92.373 63.1949
-277.682 93.3978 64.5704
segment
-277.686 93.3882 64.5685
-276.922 94.8286 65.7409
-276.384 94.3455 68.637
-276.742 90.0897 72.7855
-278.123 85.3775 73.2007
-278.159 81.4265 77.4411
-278.676 79.3401 77.7481
segment
-278.676 79.3429 77.7452
-280.456 74.3632 76.2523
segment
-253.542 114.618 112.156
-253.123 114.851 112.862
segment
-253.121 114.857 112.861
-252.669 115.046 113.678
segment
-252.668 115.046 113.682
-252.306 114.554 114.974
segment
-252.304 114.556 114.977
-254.012 113.082 112.652
-253.549 114.609 112.15
segment
-216.988 198.91 57.8871
-211.49 202.314 65.8853
-207.121 203.306 75.9447
-201.223 207.206 81.0861
segment
-201.22 207.209 81.086
-199.76 209.653 78.368
-196.744 212.277 78.9331
-195.054 211.315 85.4399
-191.193 213.719 88.1444
-189.193 214.11 91.4503
-184.603 217.229 93.4518
-180.83 218.442 97.8945
-178.616 218.111 102.586
-176.628 221.641 98.3772
-177.382 223.081 93.6516
segment
-177.378 223.083 93.654
-178.998 222.013 93.114
-181.446 222.543 86.9027
-172.854 229.25 86.9828
segment
-262.162 141.873 33.8073
-261.315 143.113 35.1132
-263.122 138.897 38.3983
-262.824 138.948 40.2113
-266.736 131.119 40.7395
-268.944 127.706 36.8832
-270.688 124.273 35.8344
-271.616 122.078 36.3526
-270.821 122.394 40.9376
segment
-270.432 122.79 42.3015
-270.821 122.394 40.9376
segment
-270.432 122.79 42.2975
-271.895 119.551 42.1955
-272.48 116.832 45.876
-274.072 113.593 44.5099
-274.104 113.041 45.7
segment
-274.104 113.041 45.7
-273.864 112.618 48.1213
segment
-273.859 112.626 48.1313
-274.829 109.623 49.5143
segment
-274.513 109.885 50.6743
-274.823 109.632 49.5269
segment
-274.514 109.883 50.6744
-273.748 110.852 52.6661
segment
-273.75 110.84 52.6842
-273.371 111.264 53.7447
segment
-273.372 111.263 53.7422
-273.732 110.266 53.966
segment
-273.724 110.298 53.9409
-274.303 108.513 54.6161
-273.921 108.482 56.5601
-271.481 114.648 56.1619
-271.168 114.302 58.3341
segment
-271.168 114.302 58.3341
-270.329 115.686 59.4893
-270.171 114.706 62.0498
-268.776 116.176 65.2913
segment
-268.776 116.178 65.2859
-268.974 114.8 66.8869
segment
-268.974 114.8 66.8895
-265.732 118.845 72.5437
-264.759 116.575 79.4539
-266.389 112.509 79.8683
-265.478 110.765 85.1619
segment
-265.482 110.765 85.1491
-265.401 110.163 86.1758
segment
-238.785 174.33 -50.897
-241.813 170.397 -49.912
-243.053 169.354 -47.3744
-245.779 165.177 -48.0565
segment
-141.993 224.211 139.884
-141.86 223.874 140.556
segment
-142.296 224.303 139.428
-141.991 224.213 139.882
segment
-141.844 223.878 140.566
-149.68 216.593 143.816
-155.4 212.345 144.085
segment
-152.211 221.808 132.789
-148.797 221.931 136.403
-142.291 224.305 139.43
segment
-190.704 192.15 129.268
-189.42 193.221 129.559
segment
-238.739 174.213 -51.5129
-238.785 174.33 -50.897
segment
-238.785 174.33 -50.897
-238.578 176.167 -45.2272
-241.029 173.892 -40.8258
-244.329 168.029 -45.4932
-244.085 167.829 -47.4957
-245.779 165.177 -48.0565
segment
-245.785 165.167 -48.0578
-248.103 162.3 -45.8663
segment
-230.588 181.545 -62.2148
-226.803 186.535 -61.3603
-224.951 187.415 -65.365
segment
-224.946 187.419 -65.3695
-220.75 193.036 -63.3
-220.459 195.35 -56.8879
-221.778 194.097 -56.043
-221.82 194.868 -53.1258
-220.448 196.892 -51.3427
-221.326 197.126 -46.4334
-219.504 201.008 -37.5962
-217.451 203.206 -37.7145
-214.784 206.49 -35.0686
-208.97 212.083 -36.775
-209.565 212.948 -27.1187
-207.74 214.642 -27.8015
-202.498 219.962 -24.7242
-204.358 218.861 -18.3793
-203.736 219.583 -16.5831
-199.075 223.931 -14.9763
-197.943 225.135 -11.5222
-196.494 226.42 -11.1415
-195.994 227.006 -7.39038
segment
-196.003 226.999 -7.37457
-201.028 222.651 -3.78683
-200.614 223.049 -1.87817
-201.84 221.946 0.606689
-204.892 219.109 3.24353
-211.034 213.206 2.78815
-211.862 212.026 12.6312
-213.896 209.42 19.7933
-218.925 203.649 24.4705
-216.634 202.495 45.4501
-216.988 198.91 57.8871
segment
-168.256 201.887 144.678
-168.138 202.371 144.137
segment
-168.143 202.366 144.139
-168.161 204.448 141.148
-173.288 200.899 140.039
-175.25 200.787 137.739
-176.563 198.668 139.127
-179.239 199.678 134.173
-183.096 196.7 133.36
-189.428 193.209 129.566
segment
-190.003 184.005 141.565
-187.716 185.922 142.112
-185.191 186.03 145.249
-183.779 187.251 145.472
segment
-196.004 226.998 -7.38223
-189.142 232.73 7.8732
-189.995 231.741 14.0728
-191.949 230.037 15.4523
-192.085 229.066 25.1341
-189.711 230.755 27.6063
-185.613 234.252 25.9568
-181.875 236.864 28.5865
segment
-181.878 236.861 28.5906
-183.076 234.427 39.0764
-185.883 231.962 40.5083
-186.851 230.519 44.1361
-184.801 231.107 49.3799
segment
-184.801 231.107 49.3799
-183.63 229.623 59.6079
segment
-183.628 229.631 59.5855
-185.315 227.555 62.2655
-183.628 226.962 69.0588
-179.399 228.231 75.6726
-174.856 230.713 78.72
-172.87 229.238 86.9813
segment
-168.524 229.782 93.8097
-158.196 236.856 94.1959
-157.178 238.836 90.8441
-153.794 240.48 92.2878
-148.626 241.309 98.3878
-146.896 238.912 106.5
-152.149 230.513 117.108
segment
-172.871 229.238 86.9796
-172.298 228.185 90.8027
-168.539 229.778 93.7906
segment
-150.625 227.747 124.27
-149.69 225.971 128.57
-152.212 221.808 132.788
segment
-152.164 230.495 117.124
-153.646 228.702 118.694
-150.625 227.747 124.27
segment
-155.401 212.342 144.088
-157.363 213.183 140.677
-160.64 211.561 139.415
-163.964 205.937 143.895
-167.752 203.583 142.875
-168.14 202.371 144.135
segment
-78.1656 222.781 -185.091
-77.794 223.245 -184.688
segment
-77.7913 223.247 -184.687
-77.0591 223.299 -184.931
segment
-77.0573 223.299 -184.931
-75.0834 224.381 -184.433
segment
-75.0834 224.381 -184.433
-75.3826 226.686 -181.469
segment
-75.3826 226.686 -181.469
-76.5257 226.435 -181.304
segment
-76.5217 226.434 -181.307
-75.6977 227.167 -180.735
segment
-75.6977 227.167 -180.735
-75.0811 228.477 -179.336
-77.7296 231.92 -173.699
segment
-77.7296 231.92 -173.699
-73.9433 236.634 -168.928
-72.2092 237.31 -168.73
segment
-72.2092 237.31 -168.73
-73.4899 239.117 -165.597
-70.4174 242.542 -161.91
segment
-70.4174 242.542 -161.91
-68.2006 243.898 -160.818
-58.4782 244.164 -164.208
segment
-272.01 10.6995 126.08
-272.194 11.2373 125.635
segment
-271.284 13.6539 127.352
-270.426 15.8489 128.913
segment
-272.428 9.57587 125.266
-272.01 10.6995 126.08
segment
-272.194 11.2373 125.635
-271.284 13.6539 127.352
segment
-270.426 15.8446 128.913
-269.235 22.3718 130.43
-265.178 21.8104 138.582
segment
-282.351 10.839 100.8
-282.315 8.19766 101.148
-280.744 4.5755 105.65
-277.931 5.957 112.778
-277.171 8.1366 114.498
-274.59 6.62735 120.649
-272.427 9.57732 125.266
segment
-265.176 21.8133 138.585
-264.947 21.8061 139.023
segment
-264.947 21.8061 139.023
-264.426 21.8496 140.006
segment
-272.996 24.0002 122.055
-272.076 21.1634 124.607
-270.858 25.486 126.438
segment
-270.865 25.2019 126.479
-270.55 22.7025 127.621
-270.575 25.6425 127.011
segment
-188.576 -13.6452 232.923
-187.621 -33.0995 231.739
segment
-187.619 -33.0923 231.741
-187.395 -36.0093 231.487
segment
-104.74 200.67 -196.879
-101.254 201.079 -198.279
-99.4273 199.618 -200.666
segment
-81.2533 196.248 -211.859
-87.7798 198.165 -207.425
segment
-87.7798 198.165 -207.425
-92.8801 198.915 -204.466
-98.385 198.037 -202.736
-98.905 199.743 -200.8
segment
-98.905 199.743 -200.8
-99.9851 199.43 -200.576
segment
-99.9851 199.43 -200.576
-100.41 199.221 -200.571
segment
-100.41 199.221 -200.571
-99.8178 195.77 -204.232
segment
-78.9956 191.597 -216.911
-80.3686 192.113 -215.948
-81.2533 196.252 -211.856
segment
-81.2533 196.252 -211.856
-79.0484 197.817 -211.234
-78.4215 200.813 -208.625
-76.3247 202.623 -207.649
-74.5119 203.251 -207.694
-73.9845 200.737 -210.312
segment
-73.9845 200.737 -210.312
-74.1083 200.157 -210.82
segment
-87.7705 198.163 -207.431
-87.6047 199.634 -206.086
-84.5297 201.901 -205.161
-85.2766 204.744 -202.009
-82.388 207.877 -199.998
-82.8955 209.249 -198.352
segment
-77.5076 211.475 -198.169
-81.9164 210.807 -197.104
-84.8014 207.656 -199.218
-93.7065 207.067 -195.812
segment
-77.5135 211.477 -198.164
-77.3335 212.112 -197.555
segment
-68.0126 215.687 -197.113
-65.6434 214.927 -198.739
segment
-62.461 215.637 -198.996
-65.6479 214.925 -198.74
segment
-62.461 215.637 -198.996
-60.4473 216.695 -198.468
segment
-59.0423 217.53 -197.976
-60.4473 216.695 -198.468
segment
-59.0423 217.53 -197.976
-57.7571 218.723 -197.039
-56.8447 218.193 -197.89
segment
-55.49 218.367 -198.083
-56.8447 218.193 -197.89
segment
-55.49 218.367 -198.083
-48.9577 217.711 -200.512
segment
-93.7029 207.071 -195.809
-98.6736 208.898 -191.377
segment
-94.9033 208.037 -194.201
-94.9504 208.131 -194.078
segment
-98.6736 208.898 -191.377
-103.684 207.446 -190.305
segment
-56.9154 218.938 -197.045
-59.5042 223.031 -191.615
segment
-59.5042 223.031 -191.615
-65.085 222.304 -190.643
segment
-64.7375 223.069 -189.867
-65.0875 222.302 -190.645
segment
-57.8034 225.091 -189.718
-58.4141 223.553 -191.343
segment
-64.7375 223.069 -189.867
-65.271 223.184 -189.549
segment
-59.2333 222.987 -191.75
-58.7431 223.446 -191.367
segment
-34.2335 221.313 -199.621
-39.6396 220.834 -199.151
-42.816 222.035 -197.148
-45.2709 221.194 -197.544
-45.3144 222.432 -196.139
segment
-45.3144 222.432 -196.139
-44.7282 223.676 -194.855
segment
-44.7327 223.677 -194.853
-46.1687 224.925 -193.073
segment
-46.3474 224.975 -192.972
-47.1534 224.748 -193.041
segment
-47.1534 224.748 -193.041
-45.6151 226.433 -191.435
segment
-47.2733 225.633 -191.976
-49.0651 224.931 -192.35
-51.8695 226.295 -190.001
-57.4805 225.484 -189.349
segment
-46.1687 224.925 -193.073
-46.3474 224.975 -192.972
segment
-67.0347 227.142 -184.154
-58.9289 229.859 -183.554
segment
-58.9289 229.859 -183.554
-56.3155 231.134 -182.773
-55.4177 230.238 -184.172
-49.1875 233.169 -182.244
-48.4564 232.703 -183.034
segment
-48.4564 232.703 -183.034
-46.598 233.318 -182.733
-40.1292 230.896 -187.288
segment
-40.128 230.897 -187.287
-45.6153 226.436 -191.432
segment
-57.4781 225.483 -189.351
-57.8025 225.091 -189.718
segment
-58.4126 223.555 -191.341
-58.7536 223.448 -191.361
segment
-48.457 232.701 -183.036
-46.9847 236.629 -178.324
segment
-46.9934 236.629 -178.321
-44.2536 239.299 -175.436
-44.7573 240.439 -173.741
segment
-44.7524 240.448 -173.729
-43.4069 242.485 -171.221
segment
-42.7705 237.766 -177.871
-41.6305 238.346 -177.365
-42.7691 237.768 -177.869
segment
-33.4227 242.678 -173.177
-32.9327 240.739 -175.956
segment
-36.2176 239.707 -176.717
-32.9327 240.739 -175.956
segment
-36.2217 239.704 -176.72
-33.828 239.069 -178.05
-34.9995 236.714 -180.947
-33.023 234.615 -184.025
segment
-33.023 234.615 -184.025
-33.2905 231.537 -187.836
-36.0532 230.614 -188.461
-37.3864 231.427 -187.2
-40.128 230.897 -187.287
segment
-19.8682 241.491 -176.882
-22.5319 240.354 -178.108
segment
-22.5301 240.354 -178.108
-21.3872 238.466 -180.767
-22.5325 237.507 -181.887
-19.5544 235.488 -184.833
segment
-19.5544 235.488 -184.833
-20.5479 230.239 -191.227
segment
-20.5477 230.24 -191.226
-21.9982 228.822 -192.76
segment
-21.608 227.986 -193.793
-21.9982 228.822 -192.76
segment
-21.608 227.986 -193.793
-19.3553 228.245 -193.725
segment
-21.608 227.986 -193.793
-28.1864 226.291 -194.931
segment
-27.2901 225.349 -196.145
-28.1849 226.289 -194.933
segment
-20.5479 230.239 -191.227
-19.7001 228.276 -193.655
segment
-27.8647 215.661 -206.673
-30.2321 217.46 -204.443
-32.6842 215.191 -206.457
-33.9332 217.641 -203.668
-36.186 216.777 -204.202
-37.2468 218.997 -201.626
segment
-37.2439 218.997 -201.626
-33.6469 219.613 -201.588
segment
-33.6469 219.613 -201.588
-33.6507 221.201 -199.844
segment
-34.0778 219.635 -201.492
-33.7147 220.383 -200.736
segment
-37.2785 218.934 -201.688
-42.4351 219.575 -199.966
-48.9522 217.706 -200.518
segment
-48.9514 217.709 -200.515
-48.153 216.585 -201.921
-49.7751 214.335 -203.919
segment
-46.4324 208.081 -211.06
-46.4364 208.072 -211.068
segment
31.7434 201.338 -220.125
33.9396 200.598 -220.474
segment
31.7434 201.338 -220.125
30.9487 200.325 -221.161
26.1114 200.529 -221.599
24.2377 199.059 -223.132
segment
24.2377 199.059 -223.132
27.3085 196.963 -224.633
segment
26.8523 196.292 -225.274
27.3085 196.963 -224.633
segment
26.8523 196.292 -225.274
27.6663 193.265 -227.779
segment
27.6663 193.265 -227.779
28.1623 191.584 -229.134
segment
28.1623 191.584 -229.134
30.3227 191.544 -228.892
segment
29.6712 190.409 -229.922
30.3245 191.537 -228.897
segment
29.6712 190.409 -229.922
28.6211 188.236 -231.836
segment
28.6211 188.236 -231.836
30.1075 186.504 -233.045
segment
30.1075 186.504 -233.045
29.2454 185.476 -233.973
segment
28.5307 185.583 -233.976
29.2454 185.476 -233.973
segment
28.5307 185.583 -233.976
29.9255 184.415 -234.724
segment
29.9255 184.415 -234.724
31.1472 182.845 -235.791
segment
31.1469 182.848 -235.789
30.8356 181.331 -236.998
segment
22.6446 176.976 -241.178
22.7277 176.976 -241.17
segment
-26.119 220.972 -201.219
-26.7211 221.484 -200.577
segment
-26.723 221.484 -200.576
-26.8383 221.399 -200.654
segment
-26.723 221.484 -200.576
-27.2909 225.35 -196.144
segment
-29.8844 221.48 -200.134
-29.8333 222.152 -199.395
-34.2247 221.308 -199.628
segment
-33.6571 221.203 -199.841
-33.6589 221.327 -199.704
segment
-30.4744 221.866 -199.617
-30.4773 221.866 -199.616
segment
-29.8822 221.482 -200.132
-26.8383 221.399 -200.654
segment
-12.3918 202.425 -221.067
-6.77633 202.705 -221.054
segment
-6.77633 202.705 -221.054
-5.83079 203.201 -220.625
-6.76886 202.704 -221.055
segment
-7.70361 202.527 -221.187
-7.69918 202.531 -221.183
segment
-5.72582 203.072 -220.746
1.53613 203.921 -220.032
6.72763 206.116 -217.879
segment
-28.3887 207.6 -214.701
-28.6953 209.011 -213.286
-25.9173 209.612 -213.052
-24.4083 212.54 -210.312
segment
-24.4085 212.538 -210.314
-26.1351 213.084 -209.552
-25.5699 215.555 -207.08
segment
-25.5702 215.553 -207.082
-27.4941 215.741 -206.639
segment
-25.5729 215.555 -207.08
-24.1857 217.435 -205.273
-21.9151 216.344 -206.676
-22.6623 218.352 -204.472
segment
-27.8885 207.376 -214.982
-28.0587 207.482 -214.858
segment
-27.4941 215.741 -206.639
-27.8637 215.661 -206.673
segment
-22.6603 218.352 -204.473
-23.8206 219.65 -202.944
segment
-23.8206 219.65 -202.944
-24.8298 220.493 -201.907
segment
-24.8298 220.493 -201.907
-26.1183 220.97 -201.222
segment
-8.35588 233.444 -188.24
-9.62234 232.141 -189.784
segment
-9.62246 232.139 -189.786
-10.2984 232.461 -189.356
segment
-10.2984 232.461 -189.356
-14.0221 229.751 -192.401
segment
-14.0221 229.751 -192.401
-15.7741 230 -191.966
-19.3525 228.245 -193.725
segment
-19.8763 232.34 -188.741
-18.7473 232.758 -188.341
segment
-18.7446 232.757 -188.342
-19.2031 233.632 -187.21
segment
-19.2004 233.632 -187.21
-14.6549 234.723 -186.254
-11.0106 234.366 -186.952
segment
19.1985 242.989 -174.893
24.3009 243.773 -173.16
21.7005 245.902 -170.474
segment
-25.2098 245.922 -169.962
-25.9823 245.486 -170.475
segment
-25.979 245.486 -170.475
-28.3581 245.218 -170.481
segment
-28.3585 245.22 -170.479
-30.146 245.04 -170.43
segment
-46.162 279.305 -99.2862
-45.8065 281.552 -92.8978
-48.0324 282.028 -90.2946
segment
-46.162 279.305 -99.2862
-41.8024 279.565 -100.477
-39.3226 280.556 -98.7019
-38.4667 279.934 -100.783
segment
-37.7034 280.182 -100.382
-38.0156 279.091 -103.262
-34.3118 279.166 -104.35
-34.5395 278.054 -107.205
-32.502 277.76 -108.597
-30.4763 271.121 -124.758
-31.8579 269.901 -127.037
-28.8919 269.559 -128.465
segment
-28.8919 269.559 -128.465
-27.9676 267.902 -132.084
-32.2838 260.992 -144.364
-30.6288 257.116 -151.504
segment
-30.6251 257.116 -151.504
-29.2014 256.931 -152.097
segment
-38.4628 279.935 -100.783
-44.7991 278.171 -103.023
-46.5561 276.494 -106.695
segment
-46.5561 276.494 -106.695
-50.3236 273.663 -112.142
segment
-47.8532 282.066 -90.272
-50.6194 281.374 -90.9202
-52.0586 280.139 -93.8733
segment
-51.9358 280.169 -93.8513
-53.4963 278.541 -97.74
-57.1001 277.394 -98.9545
-58.3992 275.382 -103.702
segment
-58.3992 275.382 -103.702
-61.9434 273.452 -106.711
-62.5799 271.956 -110.107
-66.7648 269.837 -112.828
-66.4981 269.117 -114.691
-71.5376 267.1 -116.362
segment
-71.5521 267.094 -116.367
-68.8216 261.229 -130.472
segment
-52.0855 280.498 -92.7784
-51.8748 280.661 -92.4021
segment
-52.0586 280.139 -93.8733
-52.0855 280.498 -92.7784
segment
-52.6347 280.959 -91.0588
-53.1467 281.536 -88.9534
segment
131.585 244.865 112.813
128.781 248.447 108.117
segment
128.78 248.447 108.121
121.701 251.209 109.922
114.199 255.584 107.866
segment
114.199 255.584 107.866
105.898 259.255 107.576
104.816 256.969 113.933
96.5818 260.708 112.708
93.529 260.608 115.48
segment
93.5254 260.609 115.482
65.664 281.268 81.0971
segment
163.321 224.691 113.316
166.834 223.839 109.831
164.488 226.412 108.08
segment
194.536 227.702 17.5424
196.689 225.946 16.1852
segment
198.018 225.063 11.6305
196.694 225.941 16.1885
segment
198.018 225.063 11.6305
200.492 223.109 5.04578
segment
199.967 223.607 3.61938
200.494 223.107 5.04199
segment
199.967 223.607 3.61938
199.905 223.673 2.92419
segment
200.36 223.28 1.38031
199.905 223.673 2.92419
segment
164.488 226.412 108.08
176.29 226.413 87.5164
185.87 226.411 64.7328
192.301 226.411 41.9351
196.024 226.411 17.6815
segment
196.024 226.411 17.6815
194.536 227.702 17.5424
segment
200.727 222.949 -1.46368
199.637 223.845 -6.18277
205.069 218.163 -18.7529
segment
205.069 218.163 -18.7529
206.845 216.011 -23.5497
207.747 215.169 -23.3097
segment
207.744 215.173 -23.3103
209.47 212.99 -27.5266
214.793 207.339 -29.5694
217.432 204.661 -28.9312
segment
219.193 202.87 -28.2553
221.558 200.489 -26.7623
222.13 199.475 -29.4642
215.61 204.276 -42.2337
segment
214.468 205.634 -41.4489
212.907 207.03 -42.5334
211.434 207.012 -49.4109
209.411 208.792 -50.5276
segment
209.411 208.792 -50.5276
204.57 212.157 -56.0428
segment
204.569 212.157 -56.0468
201.091 212.209 -67.3036
segment
201.091 212.208 -67.3068
199.526 213.065 -69.2307
195.707 216.248 -70.2523
segment
194.329 217.396 -70.5349
189.617 221.077 -71.9038
segment
189.178 219.656 -77.2212
193.919 214.786 -79.1348
193.846 214.317 -80.5713
segment
194.95 212.81 -81.8937
195.967 211.276 -83.4232
segment
200.356 223.284 1.36185
200.721 222.955 -1.46066
segment
217.442 204.651 -28.9335
219.176 202.886 -28.2715
segment
215.613 204.273 -42.2332
215.076 204.978 -41.5491
segment
195.718 216.237 -70.258
194.334 217.391 -70.5376
segment
189.612 221.082 -71.9037
190.2 220.075 -73.4218
segment
190.193 220.076 -73.4361
188.957 220.642 -74.9161
189.174 219.657 -77.2263
segment
193.833 214.322 -80.5891
194.935 212.812 -81.9232
segment
268.229 101.157 -88.4315
269.116 98.1599 -89.1145
segment
269.116 98.1599 -89.1145
269.598 97.5164 -88.3586
segment
269.598 97.5164 -88.3586
270.948 92.9153 -89.185
segment
272.757 102.119 -71.9382
272.569 102.42 -72.2237
segment
272.544 102.423 -72.3146
272.595 102.077 -72.6111
segment
244.494 158 72.5165
249.214 153.074 66.7871
252.458 148.347 65.256
255.211 145.551 60.6821
254.159 149.366 55.6157
255.707 148.324 51.1238
segment
255.707 148.324 51.1238
256.398 147.513 49.9975
segment
256.398 147.513 49.9975
262.177 139.011 44.038
263.558 136.416 43.9088
segment
263.558 136.416 43.9088
264.9 134.157 42.774
segment
264.9 134.157 42.774
266.581 131.997 38.8716
267.624 131.353 33.5241
segment
225.105 161.347 115.304
229.274 162.153 105.545
segment
229.274 162.153 105.545
229.656 161.207 106.162
segment
229.656 161.207 106.162
239.154 156.004 92.0222
segment
239.154 156.004 92.0222
243.416 156.004 80.0705
segment
243.416 156.004 80.0705
242.244 158.013 79.6861
segment
242.244 158.013 79.6861
244.494 158 72.5165
segment
290.158 75.359 11.3848
289.484 78.039 10.4421
segment
289.484 78.039 10.4421
288.142 83.0714 8.57285
288.261 83.0686 2.24731
segment
288.261 83.0686 2.24731
287.705 84.9717 2.40756
286.404 89 7.18439
segment
286.404 89 7.18439
286.449 88.9958 5.16669
285.569 91.8097 4.62872
285.577 91.8014 -4.27704
segment
285.577 91.8028 -4.27841
285.356 92.4851 -4.26822
segment
284.882 93.7806 -6.88223
285.27 92.647 -6.10843
segment
284.882 93.7806 -6.87534
284.4 95.1073 -8.44214
segment
285.356 92.4851 -4.26688
285.271 92.6456 -6.10696
segment
284.4 95.1073 -8.44214
284.815 93.5651 -11.225
segment
285.577 91.8028 -4.27841
288.51 82.136 -3.93903
segment
288.51 82.136 -3.93903
288.479 82.1556 -5.48593
segment
288.633 81.3033 -8.99643
288.723 81.0359 -8.49902
segment
288.723 81.0359 -8.49902
289.646 78.0179 -4.29303
segment
289.646 78.0179 -4.29303
290.52 74.7478 -3.27203
segment
290.52 74.7478 -3.27203
290.728 73.97 -2.32846
segment
290.789 73.7304 -2.42484
291.011 72.8828 -0.7435
segment
291.012 72.8785 -0.739258
291.407 71.286 0.486053
segment
292.002 67.4173 -13.7662
291.927 67.4867 -14.9742
segment
291.6 68.7148 -15.7442
291.927 67.4867 -14.9742
segment
291.6 68.7148 -15.7442
290.987 71.1065 -16.4526
segment
290.986 71.1066 -16.454
290.354 72.8023 -19.8538
segment
290.354 72.8023 -19.8538
290.498 71.7055 -21.6571
segment
290.498 71.7055 -21.6571
288.881 76.6843 -25.8271
288.8 75.9853 -28.6507
287.707 77.6106 -34.6565
segment
290.513 74.7732 -3.30856
290.991 72.65 -6.80246
segment
290.991 72.65 -6.80246
291.026 72.4256 -7.64618
segment
291.026 72.4256 -7.64618
291.157 71.8947 -7.68069
segment
291.134 71.9089 -8.37231
291.157 71.8947 -7.68069
segment
291.006 72.2237 -9.9559
291.135 71.9046 -8.37512
segment
291.006 72.2237 -9.9559
291.076 71.9159 -10.1293
segment
291.007 72.0868 -10.877
291.076 71.9173 -10.1293
segment
291.007 72.0868 -10.877
291.081 71.6547 -11.7151
segment
291.082 71.6533 -11.7137
291.547 69.8045 -11.2907
segment
291.547 69.8045 -11.2907
291.581 69.7069 -11.0089
segment
293.58 57.6338 -22.1144
293.067 57.2084 -28.9678
segment
293.067 57.2084 -28.9664
293.067 55.8129 -31.5671
292.753 56.8572 -32.6033
segment
294.002 47.2492 -36.4737
294.779 41.9032 -36.737
segment
294.002 47.2535 -36.4679
293.577 49.4999 -36.911
segment
293.576 49.5042 -36.9123
293.553 49.8026 -36.694
segment
293.553 49.804 -36.6939
293.339 49.8686 -38.2831
segment
291.344 48.8758 -52.2476
291.397 48.563 -52.2439
segment
291.448 48.1467 -52.3449
291.397 48.5644 -52.2439
segment
291.448 48.1453 -52.345
291.275 48.0261 -53.4064
segment
291.275 48.0261 -53.4051
291.263 47.894 -53.5938
segment
291.263 47.894 -53.5938
291.428 46.5855 -53.845
segment
291.612 48.3548 -51.2253
291.648 47.6542 -51.6748
segment
291.648 47.6542 -51.6748
291.651 47.4331 -51.8634
segment
291.651 47.4316 -51.8635
291.605 47.2406 -52.2973
segment
291.605 47.2406 -52.2973
291.604 47.1674 -52.37
segment
291.604 47.1674 -52.3671
291.534 46.337 -53.4875
segment
289.388 45.2488 -64.8626
289.687 41.8167 -65.8227
290.992 37.75 -62.4379
segment
294.204 7.5274 -58.202
294.045 6.62008 -59.1074
segment
294.045 6.62008 -59.1074
294.005 6.6448 -59.3012
segment
294.005 6.6448 -59.304
293.976 6.27545 -59.488
segment
293.976 6.27545 -59.488
293.319 4.61622 -62.79
segment
293.318 4.61622 -62.7942
293.206 4.22065 -63.3428
segment
293.206 4.21774 -63.3428
293.034 4.26864 -64.13
segment
293.034 4.273 -64.1299
292.772 2.1002 -65.4243
segment
292.772 2.10311 -65.4214
291.596 1.30026 -70.4981
segment
291.596 1.30026 -70.4981
291.588 2.08856 -70.5113
segment
291.588 2.08856 -70.5113
290.156 -0.564324 -76.2187
segment
290.156 -0.564324 -76.2187
287.821 -6.54592 -84.3586
286.783 -12.2372 -87.2104
286.105 -12.2241 -89.4103
segment
286.105 -12.2241 -89.4131
283.202 -11.7634 -98.2752
281.671 -14.2409 -102.266
segment
281.671 -14.2409 -102.266
282.373 -20.0229 -99.3207
segment
282.372 -20.0171 -99.325
281.046 -22.0977 -102.59
segment
281.045 -22.0904 -102.595
280.728 -6.12422 -105.615
282.008 -0.353429 -102.328
281.977 2.7474 -102.378
280.448 3.22589 -106.484
segment
290.611 -0.56723 -74.4659
290.156 -0.564324 -76.2187
segment
290.611 -0.56723 -74.4659
290.604 -0.929386 -74.4882
segment
290.603 -0.929386 -74.491
290.255 -2.44344 -75.8012
segment
290.255 -2.44344 -75.8012
290.029 -5.11647 -76.5298
segment
290.029 -5.11647 -76.5298
291.105 -11.5977 -71.5757
292.955 -15.9738 -62.6273
293.167 -18.4031 -60.9476
segment
293.167 -18.4031 -60.9476
293.315 -22.5052 -58.8202
segment
293.315 -22.5052 -58.8202
293.387 -25.9424 -57.0184
294.042 -23.8959 -54.4812
segment
294.042 -23.8959 -54.4812
294.739 -22.4037 -51.2532
segment
294.736 -22.3935 -51.2748
294.891 -23.4174 -49.908
segment
294.891 -23.4174 -49.908
295.113 -21.5015 -49.4585
294.906 -20.3799 -51.1379
295.26 -17.6322 -50.1044
segment
281.053 -22.0817 -102.574
281.163 -22.6822 -102.141
segment
285.87 -37.1685 -83.0483
285.305 -33.6849 -86.4074
285.598 -26.987 -87.7825
282.344 -21.6494 -99.0628
281.16 -22.7402 -102.138
segment
285.87 -37.1685 -83.0483
285.862 -39.3223 -82.0762
283.256 -47.1386 -86.8568
283.331 -48.7596 -85.7077
282.043 -49.4397 -89.4843
281.275 -52.0945 -90.3917
279.74 -51.8223 -95.183
279.133 -49.2934 -98.2601
277.717 -56.8943 -98.1658
segment
277.717 -56.8943 -98.1658
276.006 -56.9885 -102.824
segment
276.006 -56.9914 -102.823
272.886 -64.8041 -106.459
271.343 -75.4857 -103.32
segment
271.343 -75.4829 -103.321
270.253 -81.3579 -101.706
268.665 -84.0716 -103.687
268.619 -88.636 -99.9371
267.988 -90.2381 -100.198
segment
267.988 -90.2381 -100.198
267.655 -93.8953 -97.6949
268.257 -94.4366 -95.4985
segment
267.988 -90.2381 -100.198
264.865 -97.4009 -101.781
263.427 -99.352 -103.611
263.12 -101.137 -102.661
segment
214.775 -197.273 -70.394
221.006 -188.778 -74.292
221.415 -187.267 -76.8523
227.456 -179.517 -77.6996
228.289 -176.906 -81.1702
segment
228.287 -176.907 -81.1733
235.078 -165.041 -86.6007
241.286 -156.639 -85.12
244.712 -148.698 -89.4687
segment
244.712 -148.698 -89.4687
247.316 -142.939 -91.6701
248.958 -136.78 -96.4938
248.55 -135.758 -98.9576
250.156 -133.389 -98.1277
253.734 -125.005 -99.9654
252.861 -122.135 -105.567
253.725 -119.142 -106.905
segment
253.728 -119.135 -106.906
254.878 -116.359 -107.227
segment
254.878 -116.359 -107.227
256.018 -116.456 -104.369
262.129 -104.405 -101.92
263.12 -101.135 -102.663
segment
214.774 -197.274 -70.3915
208.702 -204.724 -67.3173
205.09 -208.11 -68.0343
segment
205.093 -208.106 -68.0323
204.974 -208.251 -67.9487
segment
204.974 -208.251 -67.9487
203.994 -209.503 -67.0456
202.311 -210.421 -69.2346
202.648 -211.226 -65.7074
199.961 -213.161 -67.6605
198.942 -214.801 -65.4399
196.685 -217.047 -64.8507
segment
196.686 -217.045 -64.8542
195.92 -217.723 -64.8996
segment
195.92 -217.723 -64.8996
193.6 -220.386 -62.8441
segment
193.597 -220.389 -62.8422
193.538 -220.473 -62.7256
segment
193.538 -220.473 -62.7256
189.763 -224.623 -59.451
segment
189.764 -224.621 -59.4553
188.303 -226.057 -58.6548
segment
188.303 -226.057 -58.6548
187.133 -227.842 -55.4017
183.435 -230.901 -55.1057
segment
183.438 -230.898 -55.1067
183.282 -231.02 -55.1103
segment
183.282 -231.02 -55.1103
181.728 -232.284 -54.9485
180.806 -232.359 -57.6042
175.579 -236.396 -57.3477
segment
175.593 -236.389 -57.3344
173.572 -236.392 -63.1807
segment
173.572 -236.392 -63.1807
170.307 -237.617 -67.3338
segment
169.503 -238.463 -66.3648
160.707 -245.402 -62.8565
segment
160.707 -245.406 -62.8446
158.952 -245.5 -66.812
segment
158.944 -245.507 -66.8083
155.785 -247.405 -67.2455
segment
158.974 -245.497 -66.7738
156.903 -246.312 -68.6416
segment
236.017 -123.209 -138.259
228.557 -129.052 -145.283
227.56 -137.572 -138.891
segment
227.553 -137.578 -138.895
220.195 -138.211 -149.707
segment
254.878 -116.354 -107.233
254.578 -112.937 -111.512
segment
254.578 -112.937 -111.512
254.942 -111.35 -112.275
segment
254.942 -111.35 -112.275
251.109 -113.212 -118.858
segment
251.109 -113.212 -118.858
249.118 -116.61 -119.76
segment
249.641 -114.044 -121.134
249.118 -116.61 -119.76
segment
249.641 -114.044 -121.134
249.837 -112.387 -122.272
247.422 -112.364 -127.109
segment
247.422 -112.364 -127.109
240.151 -121.004 -132.987
238.053 -122.118 -135.713
segment
246.621 -113.541 -127.619
248.626 -105.367 -130.701
segment
248.626 -105.367 -130.701
248.868 -100.857 -133.763
segment
248.868 -100.857 -133.763
245.189 -99.1378 -141.612
segment
245.189 -99.1378 -141.612
242.338 -99.7979 -145.989
239.942 -101.584 -148.688
239.228 -103.432 -148.565
segment
276.006 -56.9885 -102.824
274.46 -57.2927 -106.72
segment
274.46 -57.2927 -106.72
274.048 -57.7851 -107.512
segment
274.047 -57.7808 -107.516
272.748 -55.6728 -111.844
segment
272.745 -55.6585 -111.858
272.766 -55.2354 -112.016
segment
272.769 -55.2312 -112.013
272.006 -53.7094 -114.578
segment
272.006 -53.7065 -114.578
268.967 -50.4579 -122.926
segment
268.967 -50.4579 -122.926
268.285 -54.1286 -122.854
segment
268.285 -54.1314 -122.854
265.969 -62.3408 -123.993
263.018 -65.1605 -128.747
segment
263.018 -65.1605 -128.747
253.857 -71.31 -143.078
252.255 -76.7265 -143.11
segment
252.255 -76.7251 -143.111
252.272 -78.1387 -142.314
segment
244.955 -84.9047 -150.958
244.118 -88.6874 -150.137
242.564 -89.919 -151.911
segment
249.814 -84.0143 -143.3
252.272 -78.1387 -142.314
segment
238.053 -122.118 -135.713
235.451 -123.686 -138.797
segment
239.228 -103.432 -148.565
236.969 -107.89 -149.014
235.693 -112.817 -147.381
segment
232.899 -113.515 -151.235
235.696 -112.815 -147.378
segment
249.814 -84.0143 -143.3
244.955 -84.9033 -150.958
segment
215.478 -136.996 -157.485
218.326 -141.555 -149.318
219.011 -149.16 -140.66
218.678 -152.773 -137.261
215.155 -160.969 -133.406
segment
215.147 -160.986 -133.398
211.09 -168.509 -130.559
segment
218.917 -151.058 -138.769
217.315 -150.443 -141.92
212.61 -154.844 -144.292
211.861 -154.313 -145.953
205.583 -158.835 -150.024
202.072 -161.953 -151.453
201.957 -164.071 -149.313
200.211 -166.657 -148.8
segment
221.397 -125.948 -158.495
219.366 -133.082 -155.46
220.18 -138.219 -149.721
segment
218.811 -129.568 -159.167
220.577 -129.501 -156.765
segment
218.808 -129.568 -159.17
216.65 -132.924 -159.355
215.47 -136.997 -157.494
segment
257.082 6.97051 -154.468
255.722 6.72768 -156.72
252.4 10.3187 -161.826
249.936 10.1791 -165.615
segment
249.933 10.1791 -165.619
248.295 9.91022 -168.082
248.461 12.6877 -167.649
245.64 13.4258 -171.699
243.182 11.2911 -175.313
240.247 11.4771 -179.303
segment
240.246 11.4771 -179.304
238.068 12.9957 -182.084
234.794 21.1098 -185.543
segment
231.778 -112.782 -153.49
232.898 -113.512 -151.239
segment
229.896 -113.84 -155.526
231.78 -112.797 -153.476
segment
229.896 -113.84 -155.526
225.816 -121.557 -155.662
222.313 -122.271 -160.083
segment
222.313 -122.271 -160.083
221.396 -125.948 -158.496
segment
239.782 -101.326 -149.122
238.706 -102.502 -150.043
segment
238.706 -102.502 -150.043
239.227 -103.435 -148.565
segment
242.566 -89.919 -151.909
240.398 -94.34 -152.672
239.78 -101.328 -149.124
segment
244.347 12.1936 -173.625
243.968 12.7095 -174.121
segment
250.561 10.6137 -164.64
252.865 17.487 -160.48
segment
252.862 17.4899 -160.483
253.942 21.7234 -158.245
253.207 25.4323 -158.869
251.624 26.2192 -161.239
251.153 28.6784 -161.554
segment
242.16 27.9559 -174.863
241.369 30.1346 -175.592
segment
249.937 10.1791 -165.613
250.561 10.6094 -164.64
segment
243.966 12.7095 -174.124
242.594 17.2431 -175.644
segment
242.594 17.2431 -175.644
243.301 25.6178 -173.632
242.16 27.9559 -174.863
segment
257.082 6.96905 -154.468
258.702 9.666 -151.591
segment
258.934 18.6484 -150.351
259.442 13.776 -150
258.702 9.666 -151.591
segment
259.01 27.3578 -148.881
259.372 23.8364 -148.855
257.922 20.6498 -151.822
258.934 18.6484 -150.351
segment
259.014 27.3288 -148.878
260.626 27.2072 -146.062
segment
260.626 27.2144 -146.059
261.618 31.7071 -143.355
segment
261.617 31.7115 -143.355
260.94 35.0113 -143.821
segment
258.861 36.1984 -147.244
259.408 39.093 -145.531
258.245 40.9567 -147.078
segment
258.252 40.9495 -147.069
257.001 42.8419 -148.712
segment
257.001 42.8419 -148.712
256.905 44.5255 -148.382
segment
281.576 5.56146 -103.364
280.526 5.42186 -106.188
280.447 3.24043 -106.484
segment
281.576 5.56146 -103.364
281.5 8.97111 -103.332
segment
281.498 8.97547 -103.336
280.649 9.03944 -105.613
segment
280.648 9.04671 -105.617
277.791 9.17609 -112.906
276.868 11.1472 -114.977
275.831 6.41214 -117.797
segment
277.541 14.6026 -112.951
276.371 12.6557 -116.012
275.83 6.3976 -117.8
segment
260.617 27.2202 -146.075
260.524 25.4178 -146.565
261.359 24.0727 -145.3
265.371 21.6552 -138.237
266.429 18.6833 -136.626
267.363 20.6121 -134.507
269.059 20.332 -131.125
270.353 22.0861 -128.147
segment
270.359 22.086 -128.133
269.454 13.311 -131.216
267.936 11.9465 -134.416
273.024 3.39605 -124.284
273.248 5.16737 -123.729
274.366 3.85271 -121.278
275.826 6.40196 -117.809
segment
276.483 17.0558 -115.179
277.521 14.6143 -112.998
segment
276.483 17.0558 -115.179
276.915 21.384 -113.406
segment
276.915 21.384 -113.406
276.637 27.3317 -112.806
275.454 32.3637 -114.358
segment
279.272 31.9761 -104.808
275.456 32.3637 -114.354
segment
279.272 31.9761 -104.808
280.032 36.4352 -101.264
segment
283.258 36.8813 -91.6778
280.032 36.4352 -101.264
segment
283.258 36.8813 -91.6778
283.61 38.9819 -89.6986
282.975 42.9398 -89.8949
282.934 47.5652 -87.6698
283.699 47.828 -85.0147
segment
283.697 47.828 -85.0189
280.772 57.6881 -88.539
278.146 61.6207 -94.0103
segment
