vertexCount 540
faceCount 272
v 7.88684415817 -0.758154213428 -6.10105657578
v 7.23268795013 -1.41476893425 -6.75919055939
v 8.64499855042 1.22671878338 -4.87433719635
v 8.6474571228 2.28914380074 -4.4700460434
v 9.11356258392 -5.42949223359e-08 -4.11618375778
v 9.52183151245 -5.03664132623e-08 -3.05527853966
v 8.64499855042 1.22671914101 4.87433767319
v 8.64745616913 2.28914427757 4.47004699707
v 7.88684415817 -0.758153855801 6.10105657578
v 7.2326874733 -1.41476881504 6.75919103622
v 8.64499855042 -1.22671890259 4.87433719635
v 8.6474571228 -2.28914403915 4.4700460434
v 6.10105657578 -7.88684415817 0.75815397501
v 6.75919103622 -7.2326874733 1.41476869583
v 4.11618328094 -9.1135635376 4.18388479417e-09
v 3.0552778244 -9.52183151245 4.17365075833e-09
v 4.87433767319 -8.64499855042 -1.22671890259
v 4.47004652023 -8.64745616913 -2.28914356232
v -1.22671914101 -4.87433815002 8.64499759674
v -2.28914403915 -4.47004699707 8.64745616913
v -0.758154034615 -6.10105657578 7.88684415817
v -1.41476869583 -6.75919103622 7.2326874733
v -4.87433767319 -8.64499855042 1.22671926022
v -4.47004652023 -8.64745616913 2.28914356232
v -6.10105657578 -7.88684415817 -0.758153855801
v -6.75919055939 -7.23268795013 -1.41476869583
v -4.87433719635 -8.64499855042 -1.22671890259
v -4.4700460434 -8.6474571228 -2.28914380074
v 0.758154034615 -6.10105705261 -7.88684368134
v 1.41476893425 -6.75919103622 -7.2326874733
v -1.2267190218 -4.87433719635 -8.64499855042
v -2.28914403915 -4.47004699707 -8.64745616913
v -2.27485728033e-08 -4.11618328094 -9.1135635376
v -2.2692931978e-08 -3.05527853966 -9.52183151245
v -1.62743035048e-07 4.11618375778 -9.11356258392
v -1.8053887274e-08 3.05527853966 -9.52183151245
v -0.758154153824 6.10105657578 -7.88684415817
v -1.41476881504 6.75919103622 -7.2326874733
v 0.758153736591 6.10105609894 -7.88684463501
v 1.41476857662 6.75919103622 -7.2326874733
v 4.11618328094 9.1135635376 4.18388435008e-09
v 3.0552778244 9.52183151245 4.17364987015e-09
v 4.87433719635 8.64499855042 1.2267190218
v 4.47004652023 8.64745616913 2.28914380074
v -0.75815397501 6.10105657578 7.88684415817
v -1.41476869583 6.75919055939 7.23268795013
v -1.2267190218 4.87433719635 8.64499855042
v -2.28914380074 4.47004652023 8.64745616913
v -8.64499855042 1.22671878338 4.87433767319
v -8.64745616913 2.28914380074 4.47004652023
v -9.1135635376 -7.63009655458e-09 4.11618375778
v -9.52183151245 -7.61143059691e-09 3.05527806282
v 8.84223175049 4.61586236954 -0.713272869587
v 8.19006443024 5.56852817535 -1.3835965395
v 8.84223079681 4.61586284637 0.713273108006
v 8.19006443024 5.56852817535 1.38359689713
v 9.68185997009 2.41768670082 0.64527463913
v 9.8377199173 1.25490963459 1.28236603737
v 9.2410326004 3.57178640366 -1.35854768753
v 8.98260974884 3.49361681938 -2.66596269608
v 3.57178592682 1.35854744911 9.24103355408
v 3.49361610413 2.66596245766 8.98261070251
v 2.41768622398 0.64527451992 9.68185997009
v 1.25490951538 1.28236615658 9.8377199173
v 3.57178616524 -1.35854744911 9.24103355408
v 3.49361634254 -2.66596293449 8.98260974884
v 4.6158618927 0.713272869587 8.84223175049
v 5.56852769852 1.38359701633 8.19006443024
v 5.06599807739 -5.27044630051 6.82334661484
v 4.26919317245 -4.69644927979 7.7277007103
v 4.62517118454 -6.42454576492 6.11007404327
v 3.41408252716 -6.93515586853 6.34410381317
v 6.42454624176 -6.11007356644 4.62517118454
v 6.93515586853 -6.34410429001 3.41408252716
v 6.11007452011 -4.62517118454 6.42454528809
v 6.34410476685 -3.414083004 6.93515491486
v 9.2410326004 -3.57178640366 1.35854780674
v 8.98260974884 -3.49361681938 2.66596269608
v 8.84223079681 -4.61586284637 -0.713273108006
v 8.19006443024 -5.56852817535 -1.38359689713
v 9.68185997009 -2.41768670082 0.645274579525
v 9.8377199173 -1.25490963459 1.28236603737
v 6.42454576492 -6.11007404327 -4.62517118454
v 6.93515539169 -6.34410429001 -3.41408252716
v 5.27044582367 -6.82334709167 -5.06599807739
v 4.69644880295 -7.72770118713 -4.26919221878
v 5.06599712372 -5.27044582367 -6.82334756851
v 4.26919221878 -4.69644880295 -7.72770118713
v 6.82334709167 -5.06599807739 -5.27044534683
v 7.72770118713 -4.26919269562 -4.69644880295
v -6.11007452011 -4.62517118454 6.42454528809
v -6.34410429001 -3.41408276558 6.93515539169
v -6.82334661484 -5.06599807739 5.27044582367
v -7.7277007103 -4.26919317245 4.69644880295
v -5.27044534683 -6.82334756851 5.06599807739
v -4.69644880295 -7.7277007103 4.26919269562
v -5.06599807739 -5.27044582367 6.82334709167
v -4.26919269562 -4.69644880295 7.7277007103
v 0.713272869587 -8.84223175049 4.61586236954
v 1.38359677792 -8.19006443024 5.56852722168
v -0.713272869587 -8.84223175049 4.61586236954
v -1.38359665871 -8.19006443024 5.56852817535
v -0.645274579525 -9.68185997009 2.4176864624
v -1.28236603737 -9.8377199173 1.25490963459
v 1.35854744911 -9.2410326004 3.57178616524
v 2.66596293449 -8.98261070251 3.49361586571
v -6.82334661484 -5.06599807739 -5.27044630051
v -7.72770023346 -4.26919317245 -4.69644975662
v -6.11007404327 -4.62517118454 -6.42454576492
v -6.34410381317 -3.41408228874 -6.93515586853
v -4.62517118454 -6.42454624176 -6.11007356644
v -3.41408252716 -6.93515586853 -6.34410381317
v -6.42454528809 -6.11007452011 -4.62517118454
v -6.93515443802 -6.34410476685 -3.414083004
v -0.645274698734 -9.68185997009 -2.41768670082
v -1.28236603737 -9.8377199173 -1.25490963459
v -1.35854768753 -9.2410326004 -3.57178640366
v -2.66596269608 -8.98260974884 -3.49361681938
v 0.713272929192 -8.84223175049 -4.61586236954
v 1.38359677792 -8.19006443024 -5.56852817535
v 0.64527451992 -9.68185997009 -2.41768670082
v 1.28236591816 -9.8377199173 -1.25490963459
v -4.61586236954 -0.713272869587 -8.84223175049
v -5.56852817535 -1.38359665871 -8.19006443024
v -4.61586284637 0.713273108006 -8.84223079681
v -5.56852817535 1.38359689713 -8.19006443024
v -2.41768670082 0.645274579525 -9.68185997009
v -1.25490963459 1.28236615658 -9.8377199173
v -3.57178640366 -1.35854768753 -9.2410326004
v -3.49361658096 -2.66596293449 -8.98260974884
v 3.57178592682 -1.35854744911 -9.24103355408
v 3.49361610413 -2.66596269608 -8.98261070251
v 2.41768622398 -0.64527463913 -9.68185997009
v 1.25490951538 -1.28236591816 -9.8377199173
v 3.57178616524 1.35854744911 -9.24103355408
v 3.49361562729 2.66596198082 -8.98261070251
v 4.6158618927 -0.713272869587 -8.84223175049
v 5.56852817535 -1.38359701633 -8.19006443024
v -1.35854744911 9.24103355408 -3.57178592682
v -2.66596293449 8.98260974884 -3.49361658096
v -0.645274579525 9.68185997009 -2.41768622398
v -1.28236615658 9.8377199173 -1.25490951538
v 1.35854744911 9.24103355408 -3.57178616524
v 2.66596293449 8.98261070251 -3.49361610413
v -0.713272869587 8.84223175049 -4.6158618927
v -1.38359701633 8.19006443024 -5.56852769852
v 5.06599855423 5.27044582367 -6.82334709167
v 4.26919221878 4.69644832611 -7.72770166397
v 4.62517118454 6.42454528809 -6.11007452011
v 3.41408324242 6.93515539169 -6.34410381317
v 6.42454576492 6.11007404327 -4.62517118454
v 6.93515586853 6.34410381317 -3.41408228874
v 6.11007404327 4.62517118454 -6.42454576492
v 6.34410429001 3.41408276558 -6.93515539169
v -0.64527463913 9.68185997009 2.41768622398
v -1.28236615658 9.8377199173 1.25490951538
v -1.35854756832 9.2410326004 3.57178640366
v -2.66596293449 8.98261070251 3.49361562729
v 0.713272869587 8.84223175049 4.61586236954
v 1.38359689713 8.19006443024 5.56852769852
v 0.64527451992 9.68185997009 2.41768622398
v 1.28236579895 9.8377199173 1.25490951538
v 6.42454576492 6.11007404327 4.6251707077
v 6.93515539169 6.34410429001 3.41408252716
v 5.27044582367 6.82334709167 5.06599807739
v 4.69644880295 7.72770118713 4.26919221878
v 5.06599760056 5.27044582367 6.82334756851
v 4.26919221878 4.69644880295 7.72770118713
v 6.11007499695 4.62517118454 6.42454481125
v 6.34410429001 3.41408276558 6.93515539169
v -5.27044630051 6.82334661484 5.06599807739
v -4.69644975662 7.72770023346 4.26919317245
v -6.42454576492 6.11007404327 4.62517118454
v -6.93515539169 6.34410429001 3.41408252716
v -6.11007356644 4.62517118454 6.42454624176
v -6.34410381317 3.41408252716 6.93515539169
v -4.62517118454 6.42454528809 6.11007452011
v -3.414083004 6.93515491486 6.34410476685
v -2.4176864624 0.645274579525 9.68185997009
v -1.25490963459 1.28236615658 9.8377199173
v -3.57178664207 1.35854756832 9.2410326004
v -3.49361658096 2.66596269608 8.98260974884
v -4.61586284637 -0.713273048401 8.84223079681
v -5.56852817535 -1.38359689713 8.19006443024
v -2.41768670082 -0.645274698734 9.68185997009
v -1.25490963459 -1.28236603737 9.8377199173
v -9.2410326004 -3.57178616524 1.35854756832
v -8.98261070251 -3.49361634254 2.66596269608
v -9.68185997009 -2.41768622398 0.64527463913
v -9.8377199173 -1.25490939617 1.28236591816
v -8.84223175049 -4.6158618927 0.713272988796
v -8.19006443024 -5.56852722168 1.38359701633
v -8.84223175049 4.61586236954 0.713272929192
v -8.19006443024 5.56852769852 1.38359689713
v -8.84223175049 4.61586236954 -0.713272929192
v -8.19006443024 5.56852769852 -1.38359701633
v -9.68185997009 2.4176864624 -0.645274460316
v -9.8377199173 1.25490951538 -1.28236591816
v -9.2410326004 3.57178616524 1.35854756832
v -8.98261070251 3.49361610413 2.66596221924
v 7.90653371811 3.22286128998 -5.20575523376
v 7.16889286041 2.76697468758 -6.39928340912
v 7.72770166397 4.26919269562 -4.69644832611
v 6.82334756851 5.06599807739 -5.27044534683
v 7.16889286041 -2.76697468758 -6.39928340912
v 7.90653371811 -3.2228615284 -5.20575523376
v 6.34410429001 -3.41408276558 -6.93515539169
v 6.11007404327 -4.62517118454 -6.42454576492
v 7.23268795013 1.41476869583 -6.75919055939
v 7.88684415817 0.758153915405 -6.10105705261
v 6.39375638962 0.737640798092 -7.65348052979
v 6.39375686646 -0.737640917301 -7.65348005295
v 5.56852722168 1.38359689713 -8.19006538391
v 4.61586236954 0.713272929192 -8.84223175049
v 6.39375591278 -0.737640917301 7.65348100662
v 6.39375591278 0.737640857697 7.65348100662
v 5.56852769852 -1.38359701633 8.19006443024
v 4.61586236954 -0.713272929192 8.84223175049
v 2.43878149986 -9.61661720276 1.25419735909
v 3.17642235756 -9.16073036194 2.4477250576
v 1.28236591816 -9.8377199173 1.25490963459
v 0.64527451992 -9.68185997009 2.4176864624
v 4.47004699707 -8.64745616913 2.28914380074
v 4.87433719635 -8.64499855042 1.22671890259
v 5.20575618744 -7.90653324127 3.22286128998
v 6.39928436279 -7.16889190674 2.76697444916
v 4.69644880295 -7.7277007103 4.26919269562
v 5.27044582367 -6.82334709167 5.06599760056
v -2.4477250576 -3.17642211914 9.16073036194
v -1.25419723988 -2.43878126144 9.61661720276
v -3.49361681938 -2.66596269608 8.98260974884
v -3.57178688049 -1.35854768753 9.2410326004
v -2.2692931978e-08 -3.05527830124 9.52183151245
v -2.27485781323e-08 -4.11618375778 9.1135635376
v 1.25419735909 -2.43878149986 9.61661720276
v 2.4477250576 -3.17642211914 9.16073036194
v 1.25490963459 -1.28236603737 9.8377199173
v 2.41768622398 -0.645274579525 9.68185997009
v -7.65348052979 -6.39375638962 -0.737640857697
v -7.65348052979 -6.39375638962 0.737640798092
v -8.19006538391 -5.56852722168 -1.38359689713
v -8.84223175049 -4.6158618927 -0.713272988796
v -6.75919103622 -7.2326874733 1.41476881504
v -6.10105705261 -7.88684368134 0.758154213428
v -6.39928340912 -7.16889286041 2.76697421074
v -5.2057557106 -7.90653371811 3.2228615284
v -6.93515539169 -6.34410429001 3.41408252716
v -6.42454528809 -6.11007452011 4.6251707077
v -3.22286128998 -5.2057557106 -7.90653371811
v -2.76697444916 -6.39928340912 -7.16889286041
v -4.26919269562 -4.69644880295 -7.7277007103
v -5.06599807739 -5.27044582367 -6.82334709167
v -2.76697421074 6.39928388596 -7.16889238358
v -3.2228615284 5.20575523376 -7.90653371811
v -3.41408252716 6.93515539169 -6.34410429001
v -4.6251707077 6.42454576492 -6.11007452011
v -2.28914380074 4.47004652023 -8.64745616913
v -1.22671914101 4.87433815002 -8.64499759674
v -2.4477250576 3.17642211914 -9.16073036194
v -1.25419712067 2.43878173828 -9.61661720276
v -3.49361610413 2.66596269608 -8.98261070251
v -3.57178688049 1.35854780674 -9.2410326004
v 2.43878149986 9.61661720276 -1.25419723988
v 3.17642235756 9.16073036194 -2.4477250576
v 1.28236591816 9.8377199173 -1.25490951538
v 0.64527451992 9.68185997009 -2.41768622398
v -0.737640678883 7.65348052979 6.39375638962
v 0.737640798092 7.65348052979 6.39375638962
v -1.38359713554 8.19006443024 5.56852817535
v -0.713272988796 8.84223175049 4.61586284637
v -7.90653371811 3.22286128998 5.2057557106
v -7.16889286041 2.76697421074 6.39928340912
v -7.72770118713 4.26919269562 4.69644832611
v -6.82334709167 5.06599760056 5.27044582367
v 7.89525842667 5.46532821655 -2.79196834564
v 8.25729560852 4.51750040054 -3.37775850296
v 6.75919055939 7.2326874733 -1.41476857662
v 6.10105657578 7.88684415817 -0.758154034615
v 4.51749992371 3.37775850296 8.25729656219
v 5.46532773972 2.79196834564 7.89525842667
v 2.28914380074 4.47004652023 8.64745616913
v 1.2267190218 4.87433767319 8.64499855042
v 7.23268795013 1.41476869583 6.75919055939
v 7.88684368134 0.758154153824 6.10105705261
v 4.51749992371 -3.37775850296 8.25729656219
v 5.46532821655 -2.79196882248 7.89525794983
v 2.28914403915 -4.47004699707 8.64745616913
v 1.22671914101 -4.87433767319 8.64499855042
v 9.98282814026 -4.39206182534e-08 0.585790038109
v 9.98282814026 -7.53903073303e-09 -0.585790038109
v 9.52183151245 -7.61143237327e-09 3.05527853966
v 9.1135635376 8.11318869864e-08 4.11618375778
v 7.90653371811 -3.2228615284 5.20575523376
v 7.16889286041 -2.76697444916 6.39928340912
v 7.72770166397 -4.26919269562 4.69644832611
v 6.82334756851 -5.06599760056 5.27044582367
v 9.16073036194 -2.4477250576 3.17642211914
v 9.61661720276 -1.25419723988 2.43878126144
v 7.65348052979 -6.39375686646 0.737640678883
v 7.65348052979 -6.39375638962 -0.737640678883
v 8.19006443024 -5.56852817535 1.38359677792
v 8.84223079681 -4.61586284637 0.713272929192
v 7.89525794983 -5.46532821655 2.79196810722
v 8.25729656219 -4.51749992371 3.37775850296
v 9.61661720276 1.25419723988 -2.43878149986
v 9.16073036194 2.4477250576 -3.17642211914
v 9.8377199173 1.25490963459 -1.28236591816
v 9.68185997009 2.41768670082 -0.645274579525
v 9.8377199173 -1.2549097538 -1.28236603737
v 9.68185997009 -2.41768670082 -0.645274579525
v 9.61661720276 -1.25419723988 -2.43878149986
v 9.16073036194 -2.44772529602 -3.17642235756
v 8.6474571228 -2.28914403915 -4.4700460434
v 8.64499759674 -1.22671914101 -4.87433815002
v 8.98261070251 -3.49361634254 -2.66596293449
v 9.2410326004 -3.57178664207 -1.35854756832
v 7.89525794983 -5.46532821655 -2.79196858406
v 8.25729656219 -4.51749992371 -3.37775874138
v 6.75919103622 -7.2326874733 -1.41476857662
v 6.10105657578 -7.88684415817 -0.75815397501
v 3.17642235756 -9.16073036194 -2.44772529602
v 2.43878102303 -9.61661815643 -1.25419723988
v 2.66596269608 -8.98261070251 -3.49361634254
v 1.35854756832 -9.2410326004 -3.57178640366
v 5.2057557106 -7.90653371811 -3.22286128998
v 6.39928388596 -7.16889238358 -2.76697421074
v 2.76697444916 -6.39928388596 -7.16889238358
v 3.22286105156 -5.2057557106 -7.90653371811
v 3.41408276558 -6.93515539169 -6.34410429001
v 4.6251707077 -6.42454528809 -6.11007452011
v 2.79196858406 -7.89525794983 -5.46532821655
v 3.37775826454 -8.25729656219 -4.51750040054
v -5.46532821655 -2.79196834564 7.89525794983
v -4.51749992371 -3.37775826454 8.25729656219
v -7.2326874733 -1.41476869583 6.75919103622
v -7.88684415817 -0.75815397501 6.10105657578
v 2.76697421074 -6.39928436279 7.16889238358
v 3.22286128998 -5.20575618744 7.90653324127
v 1.41476857662 -6.75919103622 7.2326874733
v 0.75815397501 -6.10105705261 7.88684368134
v 2.79196810722 -7.89525842667 5.46532821655
v 3.37775850296 -8.25729656219 4.51749897003
v -2.76697421074 -6.39928388596 7.16889238358
v -3.22286128998 -5.2057557106 7.90653324127
v -3.41408276558 -6.93515539169 6.34410429001
v -4.6251707077 -6.42454576492 6.11007452011
v -0.737640738487 -7.65348052979 6.39375638962
v 0.737640738487 -7.65348052979 6.39375638962
v -3.17642235756 -9.16073036194 2.44772529602
v -2.43878126144 -9.61661720276 1.25419712067
v -2.66596269608 -8.98260974884 3.4936170578
v -1.35854756832 -9.2410326004 3.57178616524
v -3.37775874138 -8.25729656219 4.51749992371
v -2.79196834564 -7.89525794983 5.46532821655
v -8.25729560852 -4.51749992371 -3.37775921822
v -7.89525747299 -5.46532869339 -2.79196882248
v -8.98261070251 -3.49361586571 -2.66596317291
v -9.24103355408 -3.5717856884 -1.35854756832
v -0.585790157318 -9.98282814026 -7.99324606504e-09
v 0.5857899189 -9.98282814026 -2.61022456982e-08
v -3.05527853966 -9.52183151245 4.17365075833e-09
v -4.11618328094 -9.1135635376 1.39610691008e-07
v -5.2057557106 -7.90653371811 -3.22286128998
v -6.39928293228 -7.16889333725 -2.76697444916
v -4.69644832611 -7.72770118713 -4.26919269562
v -5.27044582367 -6.82334756851 -5.06599760056
v -3.17642211914 -9.16073036194 -2.4477250576
v -2.43878126144 -9.61661720276 -1.25419723988
v -0.737640857697 -7.65348052979 -6.39375638962
v 0.737640857697 -7.65348052979 -6.39375638962
v -1.38359689713 -8.19006443024 -5.56852769852
v -0.713272929192 -8.84223175049 -4.61586236954
v -2.79196858406 -7.89525794983 -5.46532869339
v -3.37775850296 -8.25729656219 -4.51749992371
v -1.41476881504 -6.75919103622 -7.2326874733
v -0.758154094219 -6.10105705261 -7.88684415817
v -7.16889238358 -2.76697421074 -6.39928388596
v -7.9065322876 -3.2228615284 -5.20575714111
v -7.23268699646 -1.41476869583 -6.75919103622
v -7.88684368134 -0.758154034615 -6.10105705261
v -5.46532821655 -2.79196834564 -7.89525794983
v -4.51749992371 -3.37775826454 -8.25729656219
v 4.51749992371 -3.37775850296 -8.25729656219
v 5.46532869339 -2.79196882248 -7.89525794983
v 2.28914380074 -4.47004652023 -8.64745616913
v 1.2267190218 -4.87433719635 -8.64499855042
v -1.25419735909 -2.43878149986 -9.61661720276
v -2.4477250576 -3.17642211914 -9.16073036194
v -1.25490963459 -1.28236591816 -9.8377199173
v -2.41768670082 -0.645274579525 -9.68185997009
v 1.25419723988 -2.43878149986 -9.61661720276
v 2.4477250576 -3.17642211914 -9.16073036194
v 1.25419723988 2.43878149986 -9.61661720276
v 2.44772481918 3.17642188072 -9.16073036194
v 1.25490963459 1.28236615658 -9.8377199173
v 2.41768622398 0.64527451992 -9.68185997009
v -2.2477079753e-08 0.585790216923 -9.98282814026
v -4.05860802744e-08 -0.585790038109 -9.98282814026
v -6.39375591278 0.737640798092 -7.65348100662
v -6.39375591278 -0.737640738487 -7.65348100662
v -7.2326874733 1.41476869583 -6.75919103622
v -7.88684368134 0.758154034615 -6.10105705261
v -5.46532821655 2.79196834564 -7.89525794983
v -4.51749992371 3.37775826454 -8.25729656219
v -8.64499759674 -1.22671890259 -4.87433862686
v -8.64745616913 -2.28914403915 -4.47004747391
v -9.11356258392 -7.63009655458e-09 -4.11618375778
v -9.52183151245 -7.61143237327e-09 -3.05527853966
v -3.37775850296 8.25729656219 -4.51749992371
v -2.79196834564 7.89525842667 -5.46532773972
v -4.69644880295 7.72770118713 -4.26919221878
v -5.27044582367 6.82334709167 -5.06599807739
v -5.06599807739 5.27044582367 -6.82334709167
v -4.26919269562 4.69644880295 -7.7277007103
v -6.11007404327 4.62517118454 -6.42454528809
v -6.34410476685 3.41408252716 -6.93515491486
v -6.82334709167 5.06599760056 -5.27044582367
v -7.7277007103 4.26919317245 -4.69644880295
v 4.51749992371 3.37775850296 -8.25729656219
v 5.46532821655 2.79196834564 -7.89525842667
v 2.28914356232 4.47004652023 -8.64745616913
v 1.22671866417 4.87433719635 -8.64499855042
v 0.737640857697 7.65348052979 -6.39375638962
v -0.737640976906 7.65348052979 -6.39375638962
v 1.38359701633 8.19006443024 -5.56852722168
v 0.713272869587 8.84223175049 -4.61586236954
v 2.76697444916 6.39928340912 -7.16889286041
v 3.2228615284 5.20575523376 -7.90653371811
v 5.20575618744 7.90653324127 -3.2228615284
v 6.39928388596 7.16889238358 -2.76697421074
v 4.69644927979 7.72770118713 -4.26919221878
v 5.27044630051 6.82334709167 -5.06599760056
v 3.37775874138 8.25729656219 -4.51749944687
v 2.79196882248 7.89525794983 -5.46532821655
v 4.47004699707 8.64745616913 -2.28914380074
v 4.87433719635 8.64499855042 -1.22671890259
v -2.43878149986 9.61661720276 -1.25419712067
v -3.17642235756 9.16073036194 -2.4477250576
v -3.0552778244 9.52183151245 4.17364853789e-09
v -4.11618375778 9.1135635376 4.18388479417e-09
v -0.585790157318 9.98282814026 4.13395007115e-09
v 0.585789859295 9.98282814026 4.13395007115e-09
v 7.65348052979 6.39375638962 0.737640678883
v 7.65348052979 6.39375638962 -0.737640619278
v 6.75919055939 7.23268795013 1.41476857662
v 6.10105657578 7.88684415817 0.758154034615
v 7.89525794983 5.46532869339 2.79196858406
v 8.25729656219 4.51749992371 3.37775850296
v 3.17642188072 9.16073036194 2.4477250576
v 2.43878149986 9.61661720276 1.25419723988
v 2.66596245766 8.98261070251 3.49361658096
v 1.35854768753 9.24103355408 3.57178616524
v 5.2057557106 7.90653371811 3.22286128998
v 6.39928388596 7.16889286041 2.76697421074
v 2.76697421074 6.39928388596 7.16889238358
v 3.22286105156 5.2057557106 7.90653371811
v 3.41408276558 6.93515539169 6.34410429001
v 4.6251707077 6.42454528809 6.11007452011
v 2.79196834564 7.89525794983 5.46532869339
v 3.37775826454 8.25729656219 4.51749992371
v 1.41476881504 6.75919008255 7.23268795013
v 0.75815397501 6.10105609894 7.88684463501
v 9.16073036194 2.44772529602 3.17642211914
v 9.61661815643 1.25419712067 2.43878126144
v 8.98261070251 3.49361610413 2.66596269608
v 9.2410326004 3.57178688049 1.35854768753
v 7.72770118713 4.26919269562 4.69644832611
v 6.82334709167 5.06599760056 5.27044582367
v 7.90653324127 3.2228615284 5.2057557106
v 7.16889238358 2.76697444916 6.39928388596
v -3.17642235756 9.16073036194 2.4477250576
v -2.43878126144 9.61661720276 1.25419712067
v -4.47004652023 8.64745616913 2.28914380074
v -4.87433767319 8.64499855042 1.22671914101
v -3.37775874138 8.25729656219 4.51749992371
v -2.79196882248 7.89525794983 5.46532821655
v -4.87433815002 8.64499759674 -1.22671914101
v -4.47004652023 8.64745616913 -2.28914380074
v -6.10105657578 7.88684415817 -0.758154034615
v -6.75919055939 7.23268795013 -1.41476881504
v 1.25419712067 2.43878126144 9.61661720276
v 2.4477250576 3.17642211914 9.16073036194
v -2.26929266489e-08 3.05527806282 9.52183151245
v -2.27485692506e-08 4.11618328094 9.1135635376
v -4.67314684727e-08 0.585790216923 9.98282814026
v -4.05860802744e-08 -0.585790038109 9.98282814026
v -3.22286128998 5.2057557106 7.90653371811
v -2.76697444916 6.39928340912 7.16889286041
v -4.26919269562 4.69644832611 7.72770118713
v -5.06599760056 5.27044582367 6.82334756851
v -2.44772529602 3.17642235756 9.16073036194
v -1.25419712067 2.43878126144 9.61661720276
v -6.39375638962 0.737640857697 7.65348052979
v -6.39375638962 -0.737640857697 7.65348052979
v -5.56852817535 1.38359689713 8.19006443024
v -4.61586236954 0.713272869587 8.84223175049
v -5.46532869339 2.79196858406 7.89525794983
v -4.51749992371 3.37775874138 8.25729656219
v -7.2326874733 1.41476881504 6.75919103622
v -7.88684368134 0.758154034615 6.10105705261
v -7.90653371811 -3.22286105156 5.2057557106
v -7.16889238358 -2.76697421074 6.39928388596
v -8.64745616913 -2.28914403915 4.47004652023
v -8.64499855042 -1.2267190218 4.87433767319
v -8.25729656219 -4.51749992371 3.37775826454
v -7.89525842667 -5.46532773972 2.79196810722
v -9.61661720276 1.25419700146 2.43878149986
v -9.16073036194 2.44772481918 3.17642188072
v -9.8377199173 1.25490951538 1.28236579895
v -9.68185997009 2.4176864624 0.645274579525
v -9.61661720276 -1.25419700146 2.43878173828
v -9.16073036194 -2.4477250576 3.17642235756
v -9.61661720276 -1.25419712067 -2.43878173828
v -9.16073036194 -2.4477250576 -3.1764228344
v -9.8377199173 -1.25490951538 -1.28236579895
v -9.68185997009 -2.41768622398 -0.645274579525
v -9.98282814026 -7.53903250938e-09 -0.585790038109
v -9.98282814026 -7.53903073303e-09 0.585790038109
v -6.39928388596 7.16889238358 2.76697421074
v -5.20575618744 7.90653324127 3.2228615284
v -6.75919055939 7.2326874733 1.41476869583
v -6.10105705261 7.88684368134 0.75815397501
v -7.89525794983 5.46532869339 2.79196834564
v -8.25729656219 4.51749944687 3.37775850296
v -6.39928388596 7.16889238358 -2.76697421074
v -5.2057557106 7.90653371811 -3.22286105156
v -6.93515539169 6.34410429001 -3.41408252716
v -6.42454528809 6.11007452011 -4.62517118454
v -7.65348005295 6.39375686646 -0.737640798092
v -7.65348052979 6.39375638962 0.737640917301
v -9.16073036194 2.44772529602 -3.17642259598
v -9.61661720276 1.25419712067 -2.43878173828
v -8.98261070251 3.49361586571 -2.66596293449
v -9.2410326004 3.57178616524 -1.35854744911
v -8.25729656219 4.51749992371 -3.37775826454
v -7.89525842667 5.46532726288 -2.79196834564
v -7.90653276443 3.2228615284 -5.20575666428
v -7.16889238358 2.76697421074 -6.39928388596
v -8.64745616913 2.28914403915 -4.47004747391
v -8.64499759674 1.2267190218 -4.87433862686
fv 2 4 313 0 209
fc 8.43544940948 -1.41989202973e-07 -5.21339454651
fn 0.850651 0.000000 -0.525731
fv 8 10 291 6 283
fc 8.43544969559 1.23514737993e-07 5.21339445114
fn 0.850651 -0.000000 0.525731
fv 14 16 319 12 223
fc 5.21339426041 -8.43544979095 8.36776958835e-10
fn 0.525731 -0.850651 0.000000
fv 24 26 361 22 243
fc -5.21339435577 -8.43544969559 1.70973285663e-07
fn -0.525731 -0.850651 0.000000
fv 30 32 385 28 375
fc -1.64706435157e-08 -5.21339435577 -8.43544969559
fn 0.000000 -0.525731 -0.850651
fv 36 38 421 34 257
fc -2.11362541336e-07 5.21339435577 -8.43544950485
fn 0.000000 0.525731 -0.850651
fv 80 76 301 78 315 309
fc 9.25504112244 -3.53511202335 9.93410746257e-09
fn 0.934172 -0.356822 0.000000
fv 166 168 467 162 164 457
fc 5.71993033091 5.71993017197 5.71993025144
fn 0.577350 0.577350 0.577350
fv 200 202 275 59 305 3
fc 8.44705470403 3.37334001064 -3.93206548691
fn 0.852201 0.341812 -0.396129
fv 204 206 383 137 211 1
fc 6.36221647263 -2.08483885725 -7.30540529887
fn 0.640950 -0.211251 -0.737940
fv 210 212 419 153 201 208
fc 6.36221615473 2.08483869831 -7.30540561676
fn 0.640950 0.211251 -0.737940
fv 214 216 285 75 293 9
fc 6.36221615473 -2.08483883739 7.30540545781
fn 0.640950 -0.211251 0.737940
fv 218 220 359 121 321 15
fc 1.84722701708 -9.73555580775 1.62134491018e-08
fn 0.184878 -0.982762 0.000000
fv 224 226 341 105 219 222
fc 3.93206596375 -8.44705462456 3.37333961328
fn 0.396129 -0.852201 0.341811
fv 228 230 333 97 343 19
fc -3.37333997091 -3.93206576506 8.44705446561
fn -0.341811 -0.396129 0.852201
fv 234 236 485 185 229 232
fc 9.32171288307e-09 -1.8472271959 9.7355556488
fn -0.000000 -0.184878 0.982761
fv 238 240 355 113 363 25
fc -7.3054052194 -6.36221639315 -2.08483878771
fn -0.737940 -0.640950 -0.211251
fv 244 246 505 191 239 242
fc -7.30540553729 -6.36221599579 2.0848385791
fn -0.737940 -0.640950 0.211251
fv 248 250 381 129 387 31
fc -3.37333993117 -3.9320658048 -8.44705454508
fn -0.341811 -0.396129 -0.852201
fv 252 254 409 145 423 37
fc -2.08483864864 7.30540561676 -6.36221599579
fn -0.211251 0.737940 -0.640950
fv 262 264 441 161 449 41
fc 1.84722706676 9.7355556488 1.38459999022e-09
fn 0.184878 0.982762 -0.000000
fv 266 268 475 177 487 45
fc -2.08483879765 7.30540529887 6.36221639315
fn -0.211251 0.737940 0.640951
fv 270 272 523 199 507 49
fc -8.4470547835 3.37333969275 3.93206552664
fn -0.852201 0.341811 0.396129
fv 276 443 53 274 151 429
fc 7.30540561676 6.36221607526 -2.08483843009
fn 0.737940 0.640950 -0.211251
fv 280 481 61 278 167 455
fc 3.37333969275 3.93206568559 8.4470547835
fn 0.341811 0.396129 0.852201
fv 215 282 469 169 279 67
fc 6.36221599579 2.08483868837 7.30540561676
fn 0.640950 0.211251 0.737940
fv 235 286 337 69 284 65
fc 3.37333997091 -3.93206600348 8.44705446561
fn 0.341811 -0.396129 0.852201
fv 290 297 81 288 57 463
fc 9.73555580775 -2.84568900296e-08 1.8472271959
fn 0.982761 0.000000 0.184878
fv 292 294 303 77 296 11
fc 8.44705486298 -3.37334001064 3.93206548691
fn 0.852201 -0.341811 0.396129
fv 298 300 302 73 225 13
fc 7.30540569623 -6.36221615473 2.08483853936
fn 0.737940 -0.640950 0.211251
fv 304 306 289 308 310 5
fc 9.7355556488 -2.95191222577e-08 -1.8472272555
fn 0.982761 -0.000000 -0.184878
fv 299 318 325 83 316 79
fc 7.30540553729 -6.36221615473 -2.0848385791
fn 0.737940 -0.640951 -0.211251
fv 320 322 331 85 324 17
fc 3.93206572533 -8.4470547835 -3.3733398517
fn 0.396129 -0.852201 -0.341811
fv 326 328 330 119 369 29
fc 2.08483872811 -7.30540553729 -6.36221615473
fn 0.211251 -0.737940 -0.640950
fv 334 501 91 332 183 493
fc -6.36221615473 -2.08483862877 7.30540553729
fn -0.640950 -0.211251 0.737940
fv 336 338 347 99 340 71
fc 2.08483848969 -7.30540577571 6.36221591632
fn 0.211251 -0.737940 0.640950
fv 342 344 353 101 346 21
fc -2.08483856916 -7.30540553729 6.36221615473
fn -0.211251 -0.737940 0.640950
fv 348 350 352 95 245 23
fc -3.9320658048 -8.44705454508 3.37334001064
fn -0.396129 -0.852201 0.341811
fv 349 360 367 115 358 103
fc -1.84722721577 -9.7355556488 -2.05048141429e-08
fn -0.184878 -0.982761 0.000000
fv 362 364 373 117 366 27
fc -3.93206556638 -8.4470547835 -3.37333993117
fn -0.396129 -0.852201 -0.341811
fv 368 370 372 111 249 374
fc -2.08483868837 -7.30540553729 -6.36221615473
fn -0.211251 -0.737940 -0.640951
fv 376 378 399 123 380 109
fc -6.36221591632 -2.08483848969 -7.30540569623
fn -0.640950 -0.211251 -0.737940
fv 327 384 391 131 382 87
fc 3.37333969275 -3.93206572533 -8.4470547835
fn 0.341811 -0.396129 -0.852201
fv 386 388 397 133 390 33
fc -5.02829318923e-08 -1.84722723564 -9.7355556488
fn 0.000000 -0.184878 -0.982762
fv 392 394 396 127 259 35
fc 1.3113053754e-08 1.84722738465 -9.7355556488
fn 0.000000 0.184878 -0.982762
fv 402 125 398 400 537 415
fc -6.36221615473 2.0848385791 -7.30540553729
fn -0.640950 0.211251 -0.737940
fv 404 406 539 401 379
fc -8.43544902802 2.23158385992e-08 -5.21339502335
fn -0.850651 0.000000 -0.525731
fv 414 416 527 411 255 412
fc -5.71993017197 5.71993033091 -5.71993033091
fn -0.577350 0.577350 -0.577350
fv 393 420 427 147 418 135
fc 3.37333961328 3.93206540744 -8.44705486298
fn 0.341811 0.396129 -0.852201
fv 422 424 433 149 426 39
fc 2.08483882745 7.30540545781 -6.36221599579
fn 0.211251 0.737940 -0.640950
fv 428 430 432 143 263 434
fc 3.93206608295 8.44705470403 -3.37333969275
fn 0.396129 0.852201 -0.341811
fv 436 438 471 155 440 141
fc -1.84722717603 9.7355556488 1.38459976817e-09
fn -0.184878 0.982762 0.000000
fv 442 444 453 163 446 55
fc 7.30540545781 6.36221639315 2.0848385791
fn 0.737940 0.640950 0.211251
fv 448 450 459 165 452 43
fc 3.93206560612 8.4470547835 3.37333981196
fn 0.396129 0.852201 0.341811
fv 454 456 458 159 267 460
fc 2.0848386387 7.30540537834 6.36221623421
fn 0.211251 0.737940 0.640950
fv 462 464 447 466 468 7
fc 8.44705470403 3.37333997091 3.93206572533
fn 0.852201 0.341811 0.396129
fv 470 472 519 171 474 157
fc -3.93206608295 8.44705454508 3.3733398517
fn -0.396129 0.852201 0.341811
fv 476 478 521 473 439
fc -5.21339464188 8.43544950485 -1.10841519962e-08
fn -0.525731 0.850651 0.000000
fv 480 482 491 179 484 63
fc -3.14389474454e-08 1.84722718596 9.7355556488
fn -0.000000 0.184878 0.982762
fv 486 488 497 181 490 47
fc -3.37333993117 3.93206572533 8.44705462456
fn -0.341811 0.396129 0.852201
fv 492 494 496 175 271 498
fc -6.36221623421 2.08483864864 7.30540545781
fn -0.640951 0.211251 0.737940
fv 500 502 511 187 504 93
fc -8.44705470403 -3.37333993117 3.93206572533
fn -0.852201 -0.341811 0.396129
fv 506 508 517 189 510 51
fc -9.7355556488 1.73431380368e-08 1.84722717603
fn -0.982762 0.000000 0.184878
fv 512 514 516 197 531 407
fc -9.7355556488 -2.52507748044e-09 -1.84722729524
fn -0.982761 0.000000 -0.184878
fv 518 520 529 193 522 173
fc -7.30540545781 6.36221615473 2.08483859897
fn -0.737940 0.640951 0.211251
fv 524 526 535 195 528 479
fc -7.30540545781 6.36221607526 -2.08483861883
fn -0.737940 0.640950 -0.211251
fv 532 534 417 536 538 530
fc -8.44705454508 3.37333997091 -3.93206612269
fn -0.852201 0.341811 -0.396129
fv 304 5 4 2 3 305
fc 9.11753288905 1.20296412949 -3.6885081927
fn 0.921199 0.123915 -0.368833
fv 282 283 6 7 468 469
fc 7.91456866264 1.94643704096 5.63494531314
fn 0.797284 0.200499 0.569332
fv 292 11 10 8 9 293
fc 7.91456898053 -1.94643693169 5.63494491577
fn 0.797284 -0.200499 0.569332
fv 290 291 10 11 296 297
fc 9.11753304799 -1.20296419428 3.68850815296
fn 0.921199 -0.123915 0.368833
fv 320 17 16 14 15 321
fc 3.68850811323 -9.11753304799 -1.20296416541
fn 0.368833 -0.921199 -0.123915
fv 318 319 16 17 324 325
fc 5.63494523366 -7.91456874212 -1.94643675288
fn 0.569332 -0.797284 -0.200499
fv 342 21 20 18 19 343
fc -1.94643690189 -5.63494539261 7.9145685037
fn -0.200498 -0.569332 0.797284
fv 338 339 20 21 346 347
fc -2.98023223877e-08 -6.83790946007 7.17109592756
fn -0.000000 -0.693247 0.720700
fv 362 27 26 24 25 363
fc -5.6349448363 -7.91456913948 -1.94643683235
fn -0.569332 -0.797284 -0.200499
fv 360 361 26 27 366 367
fc -3.68850807349 -9.11753304799 -1.20296414284
fn -0.368833 -0.921199 -0.123915
fv 386 33 32 30 31 387
fc -1.20296425385 -3.68850827217 -9.11753288905
fn -0.123915 -0.368833 -0.921199
fv 384 385 32 33 390 391
fc 1.20296417909 -3.6885081927 -9.11753288905
fn 0.123915 -0.368833 -0.921199
fv 422 39 38 36 37 423
fc -1.29143397013e-07 6.83790930112 -7.1710960865
fn 0.000000 0.693247 -0.720700
fv 420 421 38 39 426 427
fc 1.94643675288 5.63494491577 -7.91456890106
fn 0.200499 0.569332 -0.797284
fv 448 43 42 40 41 449
fc 3.68850803375 9.11753288905 1.20296418806
fn 0.368833 0.921199 0.123915
fv 444 445 42 43 452 453
fc 5.63494507472 7.91456890106 1.94643682241
fn 0.569332 0.797284 0.200499
fv 486 47 46 44 45 487
fc -1.94643687208 5.63494499524 7.91456890106
fn -0.200499 0.569332 0.797284
fv 482 483 46 47 490 491
fc -1.20296421411 3.68850811323 9.11753288905
fn -0.123915 0.368833 0.921199
fv 506 51 50 48 49 507
fc -9.11753288905 1.20296406492 3.68850823243
fn -0.921199 0.123916 0.368833
fv 502 503 50 51 510 511
fc -9.11753288905 -1.20296418921 3.68850835164
fn -0.921199 -0.123915 0.368833
fv 442 55 54 52 53 443
fc 8.22859207789 5.52604905764 1.09275182088e-07
fn 0.831335 0.555772 0.000000
fv 274 53 52 58 59 275
fc 8.56808209419 4.5387703975 -2.04851777355
fn 0.864643 0.457944 -0.206591
fv 480 63 62 60 61 481
fc 2.40665332476 1.92789232731 9.42009528478
fn 0.243924 0.192733 0.950450
fv 236 237 62 63 484 485
fc 1.2241985851 3.97364298503e-08 9.83413600922
fn 0.123674 0.000000 0.992323
fv 216 217 64 65 284 285
fc 4.53877011935 -2.04851794243 8.56808233261
fn 0.457945 -0.206591 0.864643
fv 278 61 60 66 67 279
fc 4.53876988093 2.04851777355 8.56808257103
fn 0.457944 0.206591 0.864643
fv 336 71 70 68 69 337
fc 3.89404674371 -5.82193962733 7.01344180107
fn 0.394678 -0.587410 0.706525
fv 226 227 70 71 340 341
fc 4.02931249142 -7.34388407071 5.29536588987
fn 0.406699 -0.740969 0.534379
fv 294 295 72 73 302 303
fc 7.34388430913 -5.29536604881 4.02931241194
fn 0.740969 -0.534379 0.406698
fv 284 69 68 74 75 285
fc 5.29536644618 -4.02931284904 7.34388367335
fn 0.534379 -0.406698 0.740970
fv 314 315 78 79 316 317
fc 8.56808217367 -4.53877035777 -2.04851797223
fn 0.864643 -0.457945 -0.206591
fv 296 77 76 80 81 297
fc 9.42009496689 -2.40665364265 1.92789241672
fn 0.950450 -0.243925 0.192733
fv 324 85 84 82 83 325
fc 5.82193922997 -7.01344211896 -3.89404658477
fn 0.587410 -0.706526 -0.394678
fv 206 207 86 87 382 383
fc 5.29536604881 -4.02931265036 -7.34388407071
fn 0.534379 -0.406698 -0.740970
fv 316 83 82 88 89 317
fc 7.34388399124 -5.29536620776 -4.02931253115
fn 0.740970 -0.534379 -0.406698
fv 500 93 92 90 91 501
fc -7.01344203949 -3.89404674371 5.82193915049
fn -0.706526 -0.394678 0.587410
fv 246 247 92 93 504 505
fc -7.3438838323 -5.29536628723 4.02931237221
fn -0.740970 -0.534379 0.406698
fv 344 345 94 95 352 353
fc -4.02931245168 -7.34388399124 5.29536628723
fn -0.406698 -0.740970 0.534378
fv 332 91 90 96 97 333
fc -5.29536628723 -4.02931253115 7.3438838323
fn -0.534379 -0.406698 0.740970
fv 346 101 100 98 99 347
fc 1.98682149251e-08 -8.22859223684 5.52604881922
fn 0.000000 -0.831335 0.555772
fv 220 221 102 103 358 359
fc -6.9538752238e-08 -9.83413600922 1.22419869331
fn 0.000000 -0.992323 0.123674
fv 340 99 98 104 105 341
fc 2.04851777355 -8.56808241208 4.53876980146
fn 0.206591 -0.864643 0.457944
fv 376 109 108 106 107 377
fc -7.01344156265 -3.89404674371 -5.82193978628
fn -0.706526 -0.394678 -0.587411
fv 250 251 108 109 380 381
fc -5.29536612829 -4.02931245168 -7.34388399124
fn -0.534379 -0.406698 -0.740970
fv 364 365 110 111 372 373
fc -4.02931249142 -7.34388422966 -5.29536604881
fn -0.406699 -0.740970 -0.534378
fv 354 107 106 112 113 355
fc -7.34388327599 -5.29536652565 -4.02931304773
fn -0.740970 -0.534379 -0.406698
fv 366 117 116 114 115 367
fc -1.92789241672 -9.42009496689 -2.40665364265
fn -0.192733 -0.950450 -0.243925
fv 322 323 118 119 330 331
fc 2.04851780335 -8.56808233261 -4.53877031803
fn 0.206591 -0.864643 -0.457945
fv 358 115 114 120 121 359
fc -8.94069671631e-08 -9.83413600922 -1.22419878415
fn -0.000000 -0.992323 -0.123673
fv 398 125 124 122 123 399
fc -5.5260488987 8.94069671631e-08 -8.22859223684
fn -0.555772 0.000000 -0.831335
fv 260 261 124 125 402 403
fc -4.53877035777 2.04851785302 -8.56808217367
fn -0.457945 0.206591 -0.864643
fv 388 389 126 127 396 397
fc -1.22419878898 6.9538752238e-08 -9.83413600922
fn -0.123674 0.000000 -0.992323
fv 380 123 122 128 129 381
fc -4.53877027829 -2.04851779342 -8.56808217367
fn -0.457944 -0.206591 -0.864643
fv 390 133 132 130 131 391
fc 2.40665334463 -1.92789238691 -9.42009528478
fn 0.243924 -0.192733 -0.950450
fv 212 213 134 135 418 419
fc 4.53876992067 2.04851768414 -8.56808272998
fn 0.457944 0.206591 -0.864643
fv 382 131 130 136 137 383
fc 4.53877011935 -2.04851789276 -8.56808249156
fn 0.457944 -0.206591 -0.864643
fv 436 141 140 138 139 437
fc -1.92789249619 9.42009512583 -2.40665340424
fn -0.192733 0.950450 -0.243924
fv 264 265 140 141 440 441
fc -9.93410746257e-08 9.83413600922 -1.22419857841
fn 0.000000 0.992323 -0.123674
fv 424 425 142 143 432 433
fc 2.04851797223 8.56808249156 -4.53876992067
fn 0.206591 0.864643 -0.457945
fv 408 139 138 144 145 409
fc -2.04851785302 8.56808241208 -4.5387699604
fn -0.206591 0.864643 -0.457944
fv 426 149 148 146 147 427
fc 3.89404686292 5.82193891207 -7.01344227791
fn 0.394678 0.587410 -0.706526
fv 202 203 150 151 274 275
fc 7.34388415019 5.29536620776 -4.02931233247
fn 0.740970 0.534379 -0.406698
fv 418 147 146 152 153 419
fc 5.29536620776 4.02931249142 -7.34388415019
fn 0.534379 0.406698 -0.740969
fv 470 157 156 154 155 471
fc -1.92789248625 9.42009512583 2.40665332476
fn -0.192732 0.950450 0.243924
fv 268 269 156 157 474 475
fc -2.04851803184 8.56808233261 4.53877019882
fn -0.206591 0.864643 0.457945
fv 450 451 158 159 458 459
fc 2.04851775368 8.56808249156 4.53877023856
fn 0.206591 0.864643 0.457945
fv 440 155 154 160 161 441
fc -1.29143397013e-07 9.83413600922 1.22419858117
fn -0.000000 0.992323 0.123674
fv 452 165 164 162 163 453
fc 5.82193922997 7.01344219844 3.89404650529
fn 0.587410 0.706526 0.394678
fv 518 173 172 170 171 519
fc -5.82193954786 7.01344180107 3.89404678345
fn -0.587410 0.706526 0.394678
fv 272 273 172 173 522 523
fc -7.34388399124 5.29536612829 4.02931245168
fn -0.740970 0.534378 0.406698
fv 488 489 174 175 496 497
fc -5.29536604881 4.02931253115 7.34388415019
fn -0.534378 0.406699 0.740970
fv 474 171 170 176 177 475
fc -4.02931296825 7.34388359388 5.29536644618
fn -0.406698 0.740970 0.534379
fv 490 181 180 178 179 491
fc -2.40665362279 1.92789243658 9.42009496689
fn -0.243924 0.192733 0.950450
fv 230 231 182 183 332 333
fc -4.53877047698 -2.04851782322 8.56808201472
fn -0.457944 -0.206591 0.864643
fv 484 179 178 184 185 485
fc -1.22419875329 2.98023223877e-08 9.83413600922
fn -0.123673 0.000000 0.992323
fv 510 189 188 186 187 511
fc -9.42009512583 -2.4066533645 1.92789248625
fn -0.950450 -0.243924 0.192732
fv 504 187 186 190 191 505
fc -8.56808241208 -4.53876988093 2.04851777355
fn -0.864643 -0.457944 0.206591
fv 528 195 194 192 193 529
fc -8.22859215736 5.5260488987 0.0
fn -0.831335 0.555772 0.000000
fv 508 509 196 197 516 517
fc -9.83413600922 1.22419865675 0.0
fn -0.992323 0.123673 0.000000
fv 522 193 192 198 199 523
fc -8.56808233261 4.53877007961 2.04851774375
fn -0.864643 0.457944 0.206591
fv 202 200 201 153 152 203
fc 7.01344235738 3.89404678345 -5.82193891207
fn 0.706525 0.394678 -0.587410
fv 208 201 200 3 2 209
fc 7.91456906001 1.94643686215 -5.63494491577
fn 0.797284 0.200498 -0.569332
fv 150 203 152 146 148 431
fc 5.71993056933 5.71993025144 -5.71993025144
fn 0.577350 0.577350 -0.577350
fv 206 204 205 89 88 207
fc 7.01344219844 -3.89404682318 -5.82193899155
fn 0.706525 -0.394678 -0.587410
fv 312 205 204 1 0 313
fc 7.91456890106 -1.94643709064 -5.63494499524
fn 0.797284 -0.200498 -0.569332
fv 86 207 88 82 84 329
fc 5.71993009249 -5.71993025144 -5.71993041039
fn 0.577350 -0.577350 -0.577350
fv 0 1 211 210 208 209
fc 7.17109624545 -1.09275182088e-07 -6.83790922165
fn 0.720700 0.000000 -0.693247
fv 212 210 211 137 136 213
fc 5.52604881922 -2.98023223877e-08 -8.22859231631
fn 0.555772 -0.000000 -0.831335
fv 134 213 136 130 132 395
fc 3.53511146704 -9.93410746257e-09 -9.25504175822
fn 0.356822 -0.000000 -0.934172
fv 216 214 215 67 66 217
fc 5.52604858081 -1.98682149251e-08 8.22859239578
fn 0.555772 0.000000 0.831335
fv 282 215 214 9 8 283
fc 7.17109584808 1.98682149251e-08 6.83790953954
fn 0.720700 0.000000 0.693247
fv 64 217 66 60 62 237
fc 3.53511146704 -1.98682149251e-08 9.25504175822
fn 0.356822 0.000000 0.934172
fv 220 218 219 105 104 221
fc 1.92789244652 -9.42009512583 2.4066534241
fn 0.192732 -0.950450 0.243924
fv 222 219 218 15 14 223
fc 3.6885081927 -9.11753288905 1.20296418806
fn 0.368833 -0.921199 0.123915
fv 102 221 104 98 100 351
fc -2.98023223877e-08 -9.25504144033 3.53511166573
fn 0.000000 -0.934172 0.356822
fv 12 13 225 224 222 223
fc 5.63494539261 -7.91456858317 1.94643685222
fn 0.569332 -0.797284 0.200498
fv 226 224 225 73 72 227
fc 5.82193954786 -7.01344180107 3.8940466245
fn 0.587410 -0.706526 0.394678
fv 230 228 229 185 184 231
fc -2.40665372213 -1.92789241672 9.42009496689
fn -0.243925 -0.192733 0.950450
fv 232 229 228 19 18 233
fc -1.20296425385 -3.68850843112 9.1175327301
fn -0.123915 -0.368833 0.921199
fv 182 231 184 178 180 495
fc -3.53511198362 -6.9538752238e-08 9.25504128138
fn -0.356822 -0.000000 0.934172
fv 286 235 234 232 233 287
fc 1.20296425857 -3.68850839138 9.11753288905
fn 0.123915 -0.368833 0.921199
fv 233 18 20 339 287
fc -1.64706445815e-08 -5.21339464188 8.43544950485
fn -0.000000 -0.525731 0.850651
fv 236 234 235 65 64 237
fc 2.40665346384 -1.92789243658 9.42009512583
fn 0.243924 -0.192733 0.950450
fv 240 238 239 191 190 241
fc -8.22859239578 -5.52604850133 9.93410746257e-09
fn -0.831335 -0.555772 0.000000
fv 242 239 238 25 24 243
fc -6.83790938059 -7.17109600703 6.9538752238e-08
fn -0.693247 -0.720700 -0.000000
fv 241 190 186 188 515 357
fc -9.25504159927 -3.53511134783 9.93410746257e-09
fn -0.934172 -0.356822 0.000000
fv 22 23 245 244 242 243
fc -5.63494523366 -7.91456874212 1.94643693169
fn -0.569332 -0.797284 0.200499
fv 246 244 245 95 94 247
fc -5.82193899155 -7.01344227791 3.8940466245
fn -0.587410 -0.706525 0.394678
fv 250 248 249 111 110 251
fc -3.89404670397 -5.82193930944 -7.01344196002
fn -0.394678 -0.587410 -0.706526
fv 374 249 248 31 30 375
fc -1.94643695156 -5.63494523366 -7.91456882159
fn -0.200499 -0.569332 -0.797284
fv 412 255 254 252 253 413
fc -3.8940466245 5.82193915049 -7.01344211896
fn -0.394678 0.587410 -0.706526
fv 256 253 252 37 36 257
fc -1.94643694162 5.63494523366 -7.91456858317
fn -0.200499 0.569332 -0.797284
fv 34 35 259 258 256 257
fc -1.2029642168 3.68850847085 -9.11753257116
fn -0.123915 0.368834 -0.921198
fv 260 258 259 127 126 261
fc -2.40665358305 1.92789251606 -9.42009512583
fn -0.243924 0.192733 -0.950450
fv 264 262 263 143 142 265
fc 1.92789244652 9.42009528478 -2.40665338437
fn 0.192733 0.950450 -0.243924
fv 434 263 262 41 40 435
fc 3.6885081927 9.11753288905 -1.20296416541
fn 0.368833 0.921199 -0.123915
fv 268 266 267 159 158 269
fc -3.97364298503e-08 8.22859223684 5.52604897817
fn 0.000000 0.831335 0.555772
fv 460 267 266 45 44 461
fc 3.97364298503e-08 6.8379090627 7.17109624545
fn 0.000000 0.693247 0.720700
fv 272 270 271 175 174 273
fc -7.01344203949 3.89404658477 5.82193915049
fn -0.706525 0.394678 0.587410
fv 498 271 270 49 48 499
fc -7.91456874212 1.94643682241 5.63494523366
fn -0.797284 0.200499 0.569332
fv 166 167 278 279 169 168
fc 5.29536612829 4.02931257089 7.34388399124
fn 0.534379 0.406698 0.740970
fv 308 289 288 81 80 309
fc 9.83413600922 -1.22419880692 0.0
fn 0.992323 -0.123673 0.000000
fv 462 7 6 291 290 463
fc 9.11753304799 1.20296431813 3.68850839138
fn 0.921199 0.123915 0.368833
fv 294 292 293 75 74 295
fc 7.01344251633 -3.89404674371 5.8219388326
fn 0.706526 -0.394678 0.587410
fv 72 295 74 68 70 227
fc 5.71993056933 -5.71993025144 5.71993009249
fn 0.577350 -0.577350 0.577350
fv 300 298 299 79 78 301
fc 8.22859191895 -5.52604921659 -4.96705373128e-08
fn 0.831335 -0.555772 -0.000000
fv 318 299 298 13 12 319
fc 6.83790938059 -7.1710960865 1.98682149251e-08
fn 0.693247 -0.720700 0.000000
fv 76 77 303 302 300 301
fc 8.56808201472 -4.5387703975 2.04851780335
fn 0.864643 -0.457944 0.206591
fv 306 304 305 59 58 307
fc 9.42009496689 2.40665364265 -1.92789241672
fn 0.950450 0.243924 -0.192733
fv 288 289 306 307 56 57
fc 9.83413600922 1.22419876989 2.98023223877e-08
fn 0.992323 0.123673 -0.000000
fv 56 307 58 52 54 465
fc 9.25504128138 3.53511198362 4.96705373128e-08
fn 0.934172 0.356822 0.000000
fv 314 311 310 308 309 315
fc 9.42009512583 -2.40665366252 -1.92789249619
fn 0.950450 -0.243924 -0.192732
fv 311 314 317 89 205 312
fc 8.44705494245 -3.37333997091 -3.93206568559
fn 0.852201 -0.341811 -0.396129
fv 310 311 312 313 4 5
fc 9.1175327301 -1.20296430345 -3.68850839138
fn 0.921199 -0.123915 -0.368833
fv 322 320 321 121 120 323
fc 1.92789234718 -9.42009528478 -2.40665360292
fn 0.192732 -0.950450 -0.243924
fv 118 323 120 114 116 371
fc -4.96705373128e-08 -9.25504144033 -3.53511182467
fn 0.000000 -0.934172 -0.356823
fv 328 326 327 87 86 329
fc 3.89404638608 -5.82193915049 -7.01344227791
fn 0.394678 -0.587410 -0.706526
fv 384 327 326 29 28 385
fc 1.94643688202 -5.63494523366 -7.91456866264
fn 0.200499 -0.569332 -0.797284
fv 84 85 331 330 328 329
fc 4.02931249142 -7.34388391177 -5.29536628723
fn 0.406698 -0.740970 -0.534379
fv 286 287 339 338 336 337
fc 1.94643687208 -5.63494555155 7.91456858317
fn 0.200499 -0.569332 0.797284
fv 344 342 343 97 96 345
fc -3.8940466245 -5.82193922997 7.01344203949
fn -0.394678 -0.587410 0.706526
fv 94 345 96 90 92 247
fc -5.71993009249 -5.71993048986 5.71993025144
fn -0.577350 -0.577350 0.577350
fv 350 348 349 103 102 351
fc -1.92789241672 -9.42009496689 2.40665362279
fn -0.192732 -0.950450 0.243925
fv 360 349 348 23 22 361
fc -3.68850827217 -9.11753288905 1.2029642305
fn -0.368833 -0.921199 0.123915
fv 100 101 353 352 350 351
fc -2.04851781329 -8.56808217367 4.53877031803
fn -0.206591 -0.864643 0.457944
fv 240 241 357 356 354 355
fc -8.56808241208 -4.53876988093 -2.04851811131
fn -0.864643 -0.457945 -0.206591
fv 364 362 363 113 112 365
fc -5.82193875313 -7.01344251633 -3.89404670397
fn -0.587410 -0.706525 -0.394678
fv 110 365 112 106 108 251
fc -5.71993017197 -5.71993056933 -5.71993025144
fn -0.577350 -0.577350 -0.577350
fv 370 368 369 119 118 371
fc -1.98682149251e-08 -8.22859223684 -5.5260488987
fn -0.000000 -0.831335 -0.555772
fv 116 117 373 372 370 371
fc -2.04851788282 -8.56808217367 -4.53877031803
fn -0.206591 -0.864643 -0.457944
fv 28 29 369 368 374 375
fc 9.93410746257e-09 -6.83790953954 -7.17109592756
fn 0.000000 -0.693247 -0.720700
fv 404 379 378 376 377 405
fc -7.91456818581 -1.94643690189 -5.63494586945
fn -0.797284 -0.200499 -0.569332
fv 377 107 354 356 513 405
fc -8.44705422719 -3.37333993117 -3.93206659953
fn -0.852201 -0.341811 -0.396129
fv 388 386 387 129 128 389
fc -2.40665362279 -1.92789245645 -9.42009496689
fn -0.243924 -0.192733 -0.950450
fv 126 389 128 122 124 261
fc -3.53511198362 5.96046447754e-08 -9.25504128138
fn -0.356822 0.000000 -0.934172
fv 394 392 393 135 134 395
fc 2.40665328503 1.92789224784 -9.42009528478
fn 0.243924 0.192733 -0.950450
fv 420 393 392 35 34 421
fc 1.20296401746 3.68850823243 -9.1175327301
fn 0.123915 0.368833 -0.921199
fv 132 133 397 396 394 395
fc 1.22419858915 4.96705373128e-08 -9.83413600922
fn 0.123674 -0.000000 -0.992323
fv 378 379 401 400 398 399
fc -7.17109560966 9.93410746257e-09 -6.83790969849
fn -0.720700 -0.000000 -0.693247
fv 260 403 413 253 256 258
fc -3.3733398517 3.93206560612 -8.44705470403
fn -0.341811 0.396129 -0.852201
fv 512 407 406 404 405 513
fc -9.11753257116 -1.20296418921 -3.68850882848
fn -0.921199 -0.123915 -0.368833
fv 254 255 411 410 408 409
fc -4.02931245168 7.34388407071 -5.29536612829
fn -0.406698 0.740969 -0.534379
fv 414 412 413 403 402 415
fc -5.29536628723 4.02931249142 -7.34388375282
fn -0.534379 0.406698 -0.740970
fv 536 417 416 414 415 537
fc -7.01344196002 3.89404670397 -5.82193922997
fn -0.706526 0.394678 -0.587410
fv 526 527 416 417 534 535
fc -7.34388391177 5.29536612829 -4.02931249142
fn -0.740970 0.534379 -0.406698
fv 424 422 423 145 144 425
fc -1.98682149251e-08 8.22859223684 -5.52604866028
fn 0.000000 0.831335 -0.555772
fv 142 425 144 138 140 265
fc -9.93410746257e-09 9.25504175822 -3.53511146704
fn -0.000000 0.934172 -0.356822
fv 430 428 429 151 150 431
fc 5.82193954786 7.01344196002 -3.89404650529
fn 0.587411 0.706525 -0.394678
fv 148 149 433 432 430 431
fc 4.02931292852 7.34388391177 -5.29536596934
fn 0.406698 0.740970 -0.534379
fv 428 434 435 277 276 429
fc 5.63494523366 7.91456866264 -1.94643684228
fn 0.569332 0.797284 -0.200499
fv 277 435 40 42 445
fc 5.21339416504 8.43544979095 2.46786347802e-08
fn 0.525731 0.850651 0.000000
fv 476 439 438 436 437 477
fc -3.68850835164 9.1175327301 -1.20296418528
fn -0.368833 0.921199 -0.123915
fv 437 139 408 410 525 477
fc -3.9320658048 8.44705462456 -3.37333977222
fn -0.396129 0.852201 -0.341811
fv 276 277 445 444 442 443
fc 6.83790922165 7.1710960865 9.93410746257e-09
fn 0.693247 0.720700 0.000000
fv 466 447 446 163 162 467
fc 7.34388399124 5.29536620776 4.02931241194
fn 0.740970 0.534379 0.406698
fv 450 448 449 161 160 451
fc 1.92789230744 9.42009528478 2.40665346384
fn 0.192733 0.950450 0.243924
fv 158 451 160 154 156 269
fc -1.98682149251e-08 9.25504159927 3.53511170546
fn -0.000000 0.934172 0.356822
fv 456 454 455 167 166 457
fc 3.89404642582 5.82193915049 7.01344227791
fn 0.394678 0.587410 0.706526
fv 164 165 459 458 456 457
fc 4.02931245168 7.34388391177 5.29536628723
fn 0.406698 0.740970 0.534379
fv 454 460 461 281 280 455
fc 1.94643681248 5.63494499524 7.91456890106
fn 0.200499 0.569332 0.797284
fv 281 461 44 46 483
fc -4.54971385011e-09 5.21339416504 8.43544988632
fn -0.000000 0.525731 0.850651
fv 464 462 463 57 56 465
fc 9.42009528478 2.40665362279 1.92789240678
fn 0.950450 0.243924 0.192732
fv 446 447 464 465 54 55
fc 8.56808217367 4.53877043724 2.04851791263
fn 0.864643 0.457944 0.206591
fv 168 169 469 468 466 467
fc 7.01344219844 3.89404670397 5.82193899155
fn 0.706526 0.394678 0.587410
fv 438 439 473 472 470 471
fc -3.68850823243 9.11753288905 1.20296418806
fn -0.368833 0.921199 0.123915
fv 524 479 478 476 477 525
fc -5.63494523366 7.91456866264 -1.94643684228
fn -0.569332 0.797284 -0.200499
fv 520 521 478 479 528 529
fc -6.83790922165 7.1710960865 -9.93410746257e-09
fn -0.693247 0.720700 0.000000
fv 280 281 483 482 480 481
fc 1.20296415923 3.68850815296 9.11753288905
fn 0.123915 0.368833 0.921199
fv 488 486 487 177 176 489
fc -3.89404670397 5.82193891207 7.01344243685
fn -0.394678 0.587410 0.706526
fv 174 489 176 170 172 273
fc -5.71993025144 5.71993009249 5.71993056933
fn -0.577350 0.577350 0.577350
fv 494 492 493 183 182 495
fc -5.52604905764 -2.98023223877e-08 8.22859207789
fn -0.555772 -0.000000 0.831335
fv 180 181 497 496 494 495
fc -4.5387703975 2.04851789276 8.56808217367
fn -0.457944 0.206591 0.864643
fv 492 498 499 335 334 493
fc -7.17109592756 2.98023223877e-08 6.83790946007
fn -0.720700 -0.000000 0.693247
fv 335 499 48 50 503
fc -8.43544969559 -3.72888061762e-08 5.21339454651
fn -0.850651 0.000000 0.525731
fv 334 335 503 502 500 501
fc -7.91456874212 -1.94643683235 5.63494523366
fn -0.797284 -0.200499 0.569332
fv 508 506 507 199 198 509
fc -9.42009512583 2.40665334463 1.92789225777
fn -0.950450 0.243924 0.192732
fv 196 509 198 192 194 533
fc -9.25504144033 3.53511166573 3.97364298503e-08
fn -0.934172 0.356822 0.000000
fv 356 357 515 514 512 513
fc -9.42009528478 -2.40665324529 -1.9278926154
fn -0.950450 -0.243924 -0.192732
fv 188 189 517 516 514 515
fc -9.83413600922 -1.22419856243 2.98023223877e-08
fn -0.992323 -0.123673 0.000000
fv 472 473 521 520 518 519
fc -5.63494531314 7.91456858317 1.94643689195
fn -0.569332 0.797284 0.200499
fv 410 411 527 526 524 525
fc -5.82193915049 7.01344219844 -3.89404654503
fn -0.587410 0.706526 -0.394678
fv 532 530 531 197 196 533
fc -9.42009512583 2.40665340424 -1.92789251606
fn -0.950450 0.243925 -0.192732
fv 194 195 535 534 532 533
fc -8.56808241208 4.53876988093 -2.04851782322
fn -0.864643 0.457944 -0.206591
fv 400 401 539 538 536 537
fc -7.91456834475 1.94643692176 -5.63494578997
fn -0.797284 0.200499 -0.569332
fv 406 407 531 530 538 539
fc -9.11753257116 1.20296424373 -3.68850878874
fn -0.921199 0.123915 -0.368834
